./data/4clusters.csv
CENTROID SELECTION: random
DISTANCES: normalized

Cluster 1
Centroid: [30.13333333 40.93333333]

     0   1
0   41  45
1   39  44
2   42  43
3   44  43
5   38  42
7   41  41
9   45  40
11  38  39
12  42  39
16  25  38

Cluster 2
Centroid: [33.66666667 12.        ]

     0   1
29  31  18
30  26  16
31  31  13
32  26  16
33  38  13
34  29  11
35  34  11
36  37  10
37  40   9
38  42   9

Cluster 3
Centroid: [22.57142857 28.21428571]

     0   1
4   10  42
6    8  41
8   13  40
10   7  39
13   9  38
14  12  38
15  19  38
17   6  37
18  13  35
19   9  34
20  12  34
22  26  25
26  22  22

Cluster 4
Centroid: [39. 24.]

     0   1
21  32  27
23  39  24
24  34  23
25  37  23
27  38  21
28  35  20
        Max Dist   Min Dist  Avg Dist          SSE  Num Points
1      10.194770   4.487018  2.490649  1212.422222        10.0
2       6.928203   5.099020  1.923538   387.111111        10.0
3      11.588171  10.727135  3.096879  2822.556122        13.0
4       4.358899   3.464102  1.607275   131.000000         6.0
total  33.070043  23.777275  9.118342  4553.089456        39.0



CENTROID SELECTION: random
DISTANCES: raw

Cluster 1
Centroid: [11.91666667 37.83333333]

     0   1
4   10  42
6    8  41
8   13  40
10   7  39
13   9  38
14  12  38
15  19  38
16  25  38
17   6  37
18  13  35
19   9  34
20  12  34

Cluster 2
Centroid: [41.11111111 41.77777778]

     0   1
0   41  45
1   39  44
2   42  43
3   44  43
5   38  42
7   41  41
9   45  40
11  38  39
12  42  39

Cluster 3
Centroid: [31.66666667 24.        ]

     0   1
21  32  27
22  26  25
23  39  24
24  34  23
25  37  23
26  22  22
27  38  21
28  35  20

Cluster 4
Centroid: [33.91666667 13.91666667]

     0   1
29  31  18
30  26  16
31  31  13
32  26  16
33  38  13
34  29  11
35  34  11
36  37  10
37  40   9
38  42   9
        Max Dist   Min Dist  Avg Dist          SSE  Num Points
1       6.708204   4.760952  1.679120   390.583333        12.0
2       4.136558   4.027682  1.360828    86.444444         9.0
3       6.350853   3.872983  1.859659   305.555556         8.0
4       6.928203   5.446712  1.970618   402.805556        10.0
total  24.123818  18.108329  6.870225  1185.388889        39.0



CENTROID SELECTION: smart
DISTANCES: normalized

Cluster 1
Centroid: [30.91666667 22.75      ]

     0   1
21  32  27
22  26  25
23  39  24
24  34  23
25  37  23
26  22  22
27  38  21
28  35  20
29  31  18
30  26  16
32  26  16

Cluster 2
Centroid: [35.85714286 10.85714286]

     0   1
31  31  13
33  38  13
34  29  11
35  34  11
36  37  10
37  40   9
38  42   9

Cluster 3
Centroid: [10.72727273 37.81818182]

     0   1
4   10  42
6    8  41
8   13  40
10   7  39
13   9  38
14  12  38
15  19  38
16  25  38
17   6  37
18  13  35
19   9  34
20  12  34

Cluster 4
Centroid: [41.11111111 41.77777778]

     0   1
0   41  45
1   39  44
2   42  43
3   44  43
5   38  42
7   41  41
9   45  40
11  38  39
12  42  39
        Max Dist   Min Dist  Avg Dist          SSE  Num Points
1       7.297260   5.634714  1.965613   481.597222        11.0
2       5.209881   3.023716  1.609918   151.714286         7.0
3       6.708204   4.767313  1.679872   407.561983        12.0
4       4.136558   4.027682  1.360828    86.444444         9.0
total  23.351902  17.453425  6.616231  1127.317936        39.0



CENTROID SELECTION: smart
DISTANCES: raw

Cluster 1
Centroid: [30.91666667 22.75      ]

     0   1
21  32  27
22  26  25
23  39  24
24  34  23
25  37  23
26  22  22
27  38  21
28  35  20
29  31  18
30  26  16
32  26  16

Cluster 2
Centroid: [35.85714286 10.85714286]

     0   1
31  31  13
33  38  13
34  29  11
35  34  11
36  37  10
37  40   9
38  42   9

Cluster 3
Centroid: [10.72727273 37.81818182]

     0   1
4   10  42
6    8  41
8   13  40
10   7  39
13   9  38
14  12  38
15  19  38
16  25  38
17   6  37
18  13  35
19   9  34
20  12  34

Cluster 4
Centroid: [41.11111111 41.77777778]

     0   1
0   41  45
1   39  44
2   42  43
3   44  43
5   38  42
7   41  41
9   45  40
11  38  39
12  42  39
        Max Dist   Min Dist  Avg Dist          SSE  Num Points
1       7.297260   5.634714  1.965613   481.597222        11.0
2       5.209881   3.023716  1.609918   151.714286         7.0
3       6.708204   4.767313  1.679872   407.561983        12.0
4       4.136558   4.027682  1.360828    86.444444         9.0
total  23.351902  17.453425  6.616231  1127.317936        39.0






./data/AccidentsSet01.csv
CENTROID SELECTION: random
DISTANCES: normalized

Cluster 1
Centroid: [ 5.  10.3  1. ]

   0   1  2
0  5  15  1
1  5  14  1
2  5  12  1
3  5  11  1
4  5  10  1
5  5   9  1
6  5   9  1
7  5   8  1
8  5   8  1
9  5   7  1

Cluster 2
Centroid: [2.         4.88888889 2.        ]

    0   1  2
10  2  19  2
11  2   1  1
12  2   2  2
13  2   2  2
14  2   2  1
15  2   4  2
16  2   4  1
17  2   5  3
18  2   5  4
        Max Dist  Min Dist  Avg Dist         SSE  Num Points
1       4.647580       0.0  0.848528   64.100000        10.0
2       5.354126       0.0  1.133115  248.888889         9.0
total  10.001706       0.0  1.981644  312.988889        19.0



CENTROID SELECTION: random
DISTANCES: raw

Cluster 1
Centroid: [ 4.7 11.5  1.1]

    0   1  2
0   5  15  1
1   5  14  1
2   5  12  1
3   5  11  1
4   5  10  1
5   5   9  1
6   5   9  1
7   5   8  1
8   5   8  1
10  2  19  2

Cluster 2
Centroid: [2.33333333 3.55555556 1.88888889]

    0  1  2
9   5  7  1
11  2  1  1
12  2  2  2
13  2  2  2
14  2  2  1
15  2  4  2
16  2  4  1
17  2  5  3
18  2  5  4
       Max Dist  Min Dist  Avg Dist         SSE  Num Points
1      5.291503  1.341641  1.083205  123.500000        10.0
2      3.800585  2.309401  0.997940   47.111111         9.0
total  9.092087  3.651042  2.081145  170.611111        19.0



CENTROID SELECTION: smart
DISTANCES: normalized

Cluster 1
Centroid: [3.57894737 7.73684211 1.47368421]

    0   1  2
0   5  15  1
1   5  14  1
2   5  12  1
3   5  11  1
4   5  10  1
5   5   9  1
6   5   9  1
7   5   8  1
8   5   8  1
9   5   7  1
11  2   1  1
12  2   2  2
13  2   2  2
14  2   2  1
15  2   4  2
16  2   4  1
17  2   5  3
18  2   5  4

Cluster 2
Centroid: [ 2. 19.  2.]

    0   1  2
10  2  19  2
       Max Dist  Min Dist  Avg Dist         SSE  Num Points
1           8.0   3.43358  1.378617  369.423823        18.0
2           0.0   0.00000  0.000000    0.000000         1.0
total       8.0   3.43358  1.378617  369.423823        19.0



CENTROID SELECTION: smart
DISTANCES: raw

Cluster 1
Centroid: [3.5    6.1875 1.5   ]

    0   1  2
3   5  11  1
4   5  10  1
5   5   9  1
6   5   9  1
7   5   8  1
8   5   8  1
9   5   7  1
11  2   1  1
12  2   2  2
13  2   2  2
14  2   2  1
15  2   4  2
16  2   4  1
17  2   5  3
18  2   5  4

Cluster 2
Centroid: [ 4.         16.          1.33333333]

    0   1  2
0   5  15  1
1   5  14  1
2   5  12  1
10  2  19  2
       Max Dist  Min Dist  Avg Dist         SSE  Num Points
1      6.571720  3.240370  1.301175  198.152344        15.0
2      3.162278  1.290994  1.178511   37.777778         4.0
total  9.733997  4.531365  2.479686  235.930122        19.0






./data/AccidentsSet02.csv
CENTROID SELECTION: random
DISTANCES: normalized

Cluster 1
Centroid: [ 4. 25.  0.  2. 70.  2.  0.]

      0     1    2    3     4    5    6
36  6.0   9.0  0.0  2.0  70.0  2.0  0.0
38  4.0  25.0  0.0  2.0  70.0  2.0  0.0

Cluster 2
Centroid: [ 1.  2.  1.  4. 45.  1.  1.]

      0    1    2    3     4    5    6
0   3.0  4.0  0.0  4.0  35.0  1.0  1.0
3   1.0  4.0  0.0  4.0  35.0  3.0  1.0
4   2.0  4.0  0.0  4.0  35.0  1.0  1.0
8   2.0  6.0  0.0  3.0  35.0  1.0  1.0
10  2.0  9.0  0.0  2.0  35.0  1.0  1.0
11  1.0  3.0  1.0  4.0  45.0  1.0  1.0
13  1.0  2.0  1.0  4.0  45.0  1.0  1.0
15  2.0  2.0  0.0  4.0  45.0  1.0  1.0
16  1.0  2.0  1.0  4.0  45.0  1.0  1.0
17  1.0  2.0  1.0  4.0  45.0  1.0  1.0
42  1.0  6.0  0.0  2.0  70.0  3.0  2.0
45  1.0  2.0  0.0  2.0  70.0  1.0  2.0
48  1.0  1.0  0.0  2.0  70.0  1.0  1.0

Cluster 3
Centroid: [ 1.  2.  1.  9. 35.  1.  0.]

      0    1    2    3     4    5    6
23  1.0  2.0  1.0  9.0  35.0  1.0  0.0
24  1.0  2.0  1.0  9.0  35.0  1.0  0.0
25  2.0  1.0  0.0  9.0  35.0  1.0  0.0
26  1.0  2.0  1.0  9.0  35.0  1.0  0.0
27  1.0  1.0  0.0  9.0  35.0  1.0  0.0
28  1.0  2.0  1.0  7.0  35.0  1.0  0.0
29  1.0  1.0  0.0  6.0  35.0  1.0  0.0
30  2.0  2.0  0.0  6.0  35.0  1.0  0.0
31  1.0  3.0  1.0  6.0  35.0  1.0  0.0
32  3.0  3.0  0.0  6.0  35.0  1.0  0.0
33  2.0  3.0  0.0  6.0  35.0  1.0  0.0

Cluster 4
Centroid: [ 1.  3.  2.  4. 45.  1.  0.]

      0    1    2    3     4    5    6
1   2.0  6.0  0.0  4.0  35.0  1.0  0.0
2   3.0  4.0  0.0  4.0  35.0  2.0  0.0
5   1.0  4.0  0.0  4.0  35.0  1.0  0.0
6   1.0  5.0  1.0  3.0  35.0  1.0  0.0
7   1.0  6.0  5.0  3.0  35.0  2.0  0.0
9   1.0  4.0  0.0  2.0  35.0  1.0  0.0
12  1.0  7.0  0.0  4.0  45.0  1.0  0.0
14  1.0  2.0  1.0  4.0  45.0  1.0  0.0
18  1.0  3.0  2.0  4.0  45.0  2.0  0.0
19  1.0  2.0  1.0  4.0  45.0  1.0  0.0
20  1.0  3.0  1.0  4.0  45.0  1.0  0.0
21  5.0  6.0  0.0  4.0  45.0  2.0  0.0
22  1.0  3.0  2.0  4.0  45.0  1.0  0.0
34  1.0  1.0  0.0  2.0  70.0  1.0  0.0
35  2.0  2.0  0.0  2.0  70.0  1.0  0.0
37  1.0  1.0  0.0  2.0  70.0  1.0  0.0
39  1.0  1.0  0.0  2.0  70.0  1.0  0.0
40  1.0  1.0  0.0  2.0  70.0  1.0  0.0
41  1.0  3.0  0.0  2.0  70.0  1.0  0.0
43  1.0  1.0  0.0  2.0  70.0  1.0  0.0
44  1.0  8.0  0.0  2.0  70.0  1.0  0.0
46  3.0  5.0  0.0  2.0  70.0  1.0  0.0
47  1.0  2.0  0.0  2.0  70.0  1.0  0.0
        Max Dist  Min Dist  Avg Dist     SSE  Num Points
1       4.000000  0.000000  1.133893   260.0         2.0
2      11.180340  1.414214  1.398586  2514.0        13.0
3       4.123106  0.000000  0.664499    68.0        11.0
4      17.606817  0.000000  1.626642  7106.0        23.0
total  36.910262  1.414214  4.823620  9948.0        49.0



CENTROID SELECTION: random
DISTANCES: raw

Cluster 1
Centroid: [ 3.  3.  0.  6. 35.  1.  0.]

      0    1    2    3     4    5    6
0   3.0  4.0  0.0  4.0  35.0  1.0  1.0
1   2.0  6.0  0.0  4.0  35.0  1.0  0.0
2   3.0  4.0  0.0  4.0  35.0  2.0  0.0
3   1.0  4.0  0.0  4.0  35.0  3.0  1.0
4   2.0  4.0  0.0  4.0  35.0  1.0  1.0
5   1.0  4.0  0.0  4.0  35.0  1.0  0.0
6   1.0  5.0  1.0  3.0  35.0  1.0  0.0
7   1.0  6.0  5.0  3.0  35.0  2.0  0.0
8   2.0  6.0  0.0  3.0  35.0  1.0  1.0
9   1.0  4.0  0.0  2.0  35.0  1.0  0.0
10  2.0  9.0  0.0  2.0  35.0  1.0  1.0
11  1.0  3.0  1.0  4.0  45.0  1.0  1.0
12  1.0  7.0  0.0  4.0  45.0  1.0  0.0
13  1.0  2.0  1.0  4.0  45.0  1.0  1.0
14  1.0  2.0  1.0  4.0  45.0  1.0  0.0
15  2.0  2.0  0.0  4.0  45.0  1.0  1.0
16  1.0  2.0  1.0  4.0  45.0  1.0  1.0
17  1.0  2.0  1.0  4.0  45.0  1.0  1.0
18  1.0  3.0  2.0  4.0  45.0  2.0  0.0
19  1.0  2.0  1.0  4.0  45.0  1.0  0.0
20  1.0  3.0  1.0  4.0  45.0  1.0  0.0
21  5.0  6.0  0.0  4.0  45.0  2.0  0.0
22  1.0  3.0  2.0  4.0  45.0  1.0  0.0
29  1.0  1.0  0.0  6.0  35.0  1.0  0.0
30  2.0  2.0  0.0  6.0  35.0  1.0  0.0
31  1.0  3.0  1.0  6.0  35.0  1.0  0.0
32  3.0  3.0  0.0  6.0  35.0  1.0  0.0
33  2.0  3.0  0.0  6.0  35.0  1.0  0.0

Cluster 2
Centroid: [ 1.  2.  0.  2. 70.  1.  0.]

      0     1    2    3     4    5    6
34  1.0   1.0  0.0  2.0  70.0  1.0  0.0
35  2.0   2.0  0.0  2.0  70.0  1.0  0.0
36  6.0   9.0  0.0  2.0  70.0  2.0  0.0
37  1.0   1.0  0.0  2.0  70.0  1.0  0.0
38  4.0  25.0  0.0  2.0  70.0  2.0  0.0
39  1.0   1.0  0.0  2.0  70.0  1.0  0.0
40  1.0   1.0  0.0  2.0  70.0  1.0  0.0
41  1.0   3.0  0.0  2.0  70.0  1.0  0.0
42  1.0   6.0  0.0  2.0  70.0  3.0  2.0
43  1.0   1.0  0.0  2.0  70.0  1.0  0.0
44  1.0   8.0  0.0  2.0  70.0  1.0  0.0
46  3.0   5.0  0.0  2.0  70.0  1.0  0.0
47  1.0   2.0  0.0  2.0  70.0  1.0  0.0

Cluster 3
Centroid: [ 1.  1.  0.  2. 70.  1.  1.]

      0    1    2    3     4    5    6
45  1.0  2.0  0.0  2.0  70.0  1.0  2.0
48  1.0  1.0  0.0  2.0  70.0  1.0  1.0

Cluster 4
Centroid: [ 1.  2.  1.  9. 35.  1.  0.]

      0    1    2    3     4    5    6
23  1.0  2.0  1.0  9.0  35.0  1.0  0.0
24  1.0  2.0  1.0  9.0  35.0  1.0  0.0
25  2.0  1.0  0.0  9.0  35.0  1.0  0.0
26  1.0  2.0  1.0  9.0  35.0  1.0  0.0
27  1.0  1.0  0.0  9.0  35.0  1.0  0.0
28  1.0  2.0  1.0  7.0  35.0  1.0  0.0
        Max Dist  Min Dist  Avg Dist     SSE  Num Points
1      10.954451   2.44949  1.214286  1579.0        28.0
2       7.000000   0.00000  0.851631   694.0        13.0
3       1.000000   0.00000  0.377964     2.0         2.0
4       1.414214   0.00000  0.408248     9.0         6.0
total  20.368665   2.44949  2.852129  2284.0        49.0



CENTROID SELECTION: smart
DISTANCES: normalized

Cluster 1
Centroid: [ 1.59183673  3.73469388  0.44897959  4.02040816 48.16326531  1.20408163
  0.30612245]

      0    1    2    3     4    5    6
0   3.0  4.0  0.0  4.0  35.0  1.0  1.0
1   2.0  6.0  0.0  4.0  35.0  1.0  0.0
2   3.0  4.0  0.0  4.0  35.0  2.0  0.0
3   1.0  4.0  0.0  4.0  35.0  3.0  1.0
4   2.0  4.0  0.0  4.0  35.0  1.0  1.0
5   1.0  4.0  0.0  4.0  35.0  1.0  0.0
6   1.0  5.0  1.0  3.0  35.0  1.0  0.0
7   1.0  6.0  5.0  3.0  35.0  2.0  0.0
8   2.0  6.0  0.0  3.0  35.0  1.0  1.0
9   1.0  4.0  0.0  2.0  35.0  1.0  0.0
10  2.0  9.0  0.0  2.0  35.0  1.0  1.0
11  1.0  3.0  1.0  4.0  45.0  1.0  1.0
12  1.0  7.0  0.0  4.0  45.0  1.0  0.0
13  1.0  2.0  1.0  4.0  45.0  1.0  1.0
14  1.0  2.0  1.0  4.0  45.0  1.0  0.0
15  2.0  2.0  0.0  4.0  45.0  1.0  1.0
16  1.0  2.0  1.0  4.0  45.0  1.0  1.0
17  1.0  2.0  1.0  4.0  45.0  1.0  1.0
18  1.0  3.0  2.0  4.0  45.0  2.0  0.0
19  1.0  2.0  1.0  4.0  45.0  1.0  0.0
20  1.0  3.0  1.0  4.0  45.0  1.0  0.0
21  5.0  6.0  0.0  4.0  45.0  2.0  0.0
22  1.0  3.0  2.0  4.0  45.0  1.0  0.0
32  3.0  3.0  0.0  6.0  35.0  1.0  0.0

Cluster 2
Centroid: [ 4. 25.  0.  2. 70.  2.  0.]

      0     1    2    3     4    5    6
36  6.0   9.0  0.0  2.0  70.0  2.0  0.0
38  4.0  25.0  0.0  2.0  70.0  2.0  0.0

Cluster 3
Centroid: [ 1.  1.  0.  9. 35.  1.  0.]

      0    1    2    3     4    5    6
23  1.0  2.0  1.0  9.0  35.0  1.0  0.0
24  1.0  2.0  1.0  9.0  35.0  1.0  0.0
25  2.0  1.0  0.0  9.0  35.0  1.0  0.0
26  1.0  2.0  1.0  9.0  35.0  1.0  0.0
27  1.0  1.0  0.0  9.0  35.0  1.0  0.0
28  1.0  2.0  1.0  7.0  35.0  1.0  0.0
29  1.0  1.0  0.0  6.0  35.0  1.0  0.0
30  2.0  2.0  0.0  6.0  35.0  1.0  0.0
31  1.0  3.0  1.0  6.0  35.0  1.0  0.0
33  2.0  3.0  0.0  6.0  35.0  1.0  0.0

Cluster 4
Centroid: [ 1.  1.  0.  2. 70.  1.  1.]

      0    1    2    3     4    5    6
34  1.0  1.0  0.0  2.0  70.0  1.0  0.0
35  2.0  2.0  0.0  2.0  70.0  1.0  0.0
37  1.0  1.0  0.0  2.0  70.0  1.0  0.0
39  1.0  1.0  0.0  2.0  70.0  1.0  0.0
40  1.0  1.0  0.0  2.0  70.0  1.0  0.0
41  1.0  3.0  0.0  2.0  70.0  1.0  0.0
42  1.0  6.0  0.0  2.0  70.0  3.0  2.0
43  1.0  1.0  0.0  2.0  70.0  1.0  0.0
44  1.0  8.0  0.0  2.0  70.0  1.0  0.0
45  1.0  2.0  0.0  2.0  70.0  1.0  2.0
46  3.0  5.0  0.0  2.0  70.0  1.0  0.0
47  1.0  2.0  0.0  2.0  70.0  1.0  0.0
48  1.0  1.0  0.0  2.0  70.0  1.0  1.0
        Max Dist  Min Dist  Avg Dist          SSE  Num Points
1      13.997084  2.976095  1.328328  2363.138276        24.0
2       4.000000  0.000000  1.133893   260.000000         2.0
3       3.741657  0.000000  0.665475    61.000000        10.0
4       4.582576  0.000000  0.646206   118.000000        13.0
total  26.321317  2.976095  3.773903  2802.138276        49.0



CENTROID SELECTION: smart
DISTANCES: raw

Cluster 1
Centroid: [ 1.59183673  3.73469388  0.44897959  4.02040816 48.16326531  1.20408163
  0.30612245]

      0    1    2    3     4    5    6
11  1.0  3.0  1.0  4.0  45.0  1.0  1.0
12  1.0  7.0  0.0  4.0  45.0  1.0  0.0
13  1.0  2.0  1.0  4.0  45.0  1.0  1.0
14  1.0  2.0  1.0  4.0  45.0  1.0  0.0
15  2.0  2.0  0.0  4.0  45.0  1.0  1.0
16  1.0  2.0  1.0  4.0  45.0  1.0  1.0
17  1.0  2.0  1.0  4.0  45.0  1.0  1.0
18  1.0  3.0  2.0  4.0  45.0  2.0  0.0
19  1.0  2.0  1.0  4.0  45.0  1.0  0.0
20  1.0  3.0  1.0  4.0  45.0  1.0  0.0
21  5.0  6.0  0.0  4.0  45.0  2.0  0.0
22  1.0  3.0  2.0  4.0  45.0  1.0  0.0

Cluster 2
Centroid: [ 4. 25.  0.  2. 70.  2.  0.]

      0     1    2    3     4    5    6
38  4.0  25.0  0.0  2.0  70.0  2.0  0.0

Cluster 3
Centroid: [ 1.  1.  0.  9. 35.  1.  0.]

      0    1    2    3     4    5    6
0   3.0  4.0  0.0  4.0  35.0  1.0  1.0
1   2.0  6.0  0.0  4.0  35.0  1.0  0.0
2   3.0  4.0  0.0  4.0  35.0  2.0  0.0
3   1.0  4.0  0.0  4.0  35.0  3.0  1.0
4   2.0  4.0  0.0  4.0  35.0  1.0  1.0
5   1.0  4.0  0.0  4.0  35.0  1.0  0.0
6   1.0  5.0  1.0  3.0  35.0  1.0  0.0
7   1.0  6.0  5.0  3.0  35.0  2.0  0.0
8   2.0  6.0  0.0  3.0  35.0  1.0  1.0
9   1.0  4.0  0.0  2.0  35.0  1.0  0.0
10  2.0  9.0  0.0  2.0  35.0  1.0  1.0
23  1.0  2.0  1.0  9.0  35.0  1.0  0.0
24  1.0  2.0  1.0  9.0  35.0  1.0  0.0
25  2.0  1.0  0.0  9.0  35.0  1.0  0.0
26  1.0  2.0  1.0  9.0  35.0  1.0  0.0
27  1.0  1.0  0.0  9.0  35.0  1.0  0.0
28  1.0  2.0  1.0  7.0  35.0  1.0  0.0
29  1.0  1.0  0.0  6.0  35.0  1.0  0.0
30  2.0  2.0  0.0  6.0  35.0  1.0  0.0
31  1.0  3.0  1.0  6.0  35.0  1.0  0.0
32  3.0  3.0  0.0  6.0  35.0  1.0  0.0
33  2.0  3.0  0.0  6.0  35.0  1.0  0.0

Cluster 4
Centroid: [ 1.  1.  0.  2. 70.  1.  1.]

      0    1    2    3     4    5    6
34  1.0  1.0  0.0  2.0  70.0  1.0  0.0
35  2.0  2.0  0.0  2.0  70.0  1.0  0.0
36  6.0  9.0  0.0  2.0  70.0  2.0  0.0
37  1.0  1.0  0.0  2.0  70.0  1.0  0.0
39  1.0  1.0  0.0  2.0  70.0  1.0  0.0
40  1.0  1.0  0.0  2.0  70.0  1.0  0.0
41  1.0  3.0  0.0  2.0  70.0  1.0  0.0
42  1.0  6.0  0.0  2.0  70.0  3.0  2.0
43  1.0  1.0  0.0  2.0  70.0  1.0  0.0
44  1.0  8.0  0.0  2.0  70.0  1.0  0.0
45  1.0  2.0  0.0  2.0  70.0  1.0  2.0
46  3.0  5.0  0.0  2.0  70.0  1.0  0.0
47  1.0  2.0  0.0  2.0  70.0  1.0  0.0
48  1.0  1.0  0.0  2.0  70.0  1.0  1.0
        Max Dist  Min Dist  Avg Dist          SSE  Num Points
1       6.161102  0.494872  1.002184   183.660975        12.0
2       0.000000  0.000000  0.000000     0.000000         1.0
3       8.888194  0.000000  1.044466   692.000000        22.0
4       5.385165  0.000000  0.735402   209.000000        14.0
total  20.434462  0.494872  2.782052  1084.660975        49.0






./data/AccidentsSet03.csv
CENTROID SELECTION: random
DISTANCES: normalized

Cluster 1
Centroid: [0. 2. 1. 1.]

       0    1    2    3
3.0  0.0  2.0  1.0  0.0
2.0  0.0  2.0  1.0  0.0
3.0  0.0  2.0  1.0  1.0
4.0  0.0  2.0  1.0  0.0
2.0  0.0  2.0  1.0  0.0
3.0  1.0  2.0  1.0  0.0
3.0  1.0  2.0  1.0  1.0
4.0  0.0  2.0  1.0  0.0
1.0  0.0  2.0  1.0  0.0
1.0  1.0  2.0  1.0  1.0
1.0  0.0  2.0  1.0  1.0
1.0  0.0  2.0  1.0  1.0
1.0  0.0  2.0  1.0  1.0
1.0  0.0  2.0  1.0  1.0
1.0  0.0  2.0  1.0  1.0
1.0  0.0  2.0  2.0  2.0
2.0  1.0  2.0  1.0  2.0
1.0  0.0  2.0  1.0  1.0
1.0  0.0  2.0  1.0  1.0
2.0  1.0  2.0  1.0  1.0
1.0  0.0  2.0  2.0  1.0
1.0  1.0  2.0  1.0  1.0
1.0  0.0  2.0  1.0  1.0
1.0  0.0  2.0  1.0  1.0
1.0  1.0  2.0  1.0  0.0
1.0  1.0  2.0  1.0  0.0
1.0  1.0  2.0  1.0  0.0

Cluster 2
Centroid: [1. 4. 1. 0.]

       0    1    2    3
5.0  0.0  4.0  1.0  0.0
4.0  0.0  4.0  1.0  0.0
1.0  0.0  4.0  2.0  0.0
3.0  0.0  4.0  1.0  0.0
2.0  0.0  4.0  2.0  0.0
3.0  0.0  4.0  1.0  0.0
3.0  0.0  4.0  1.0  0.0
1.0  1.0  4.0  1.0  0.0
1.0  1.0  4.0  1.0  0.0
1.0  1.0  4.0  1.0  0.0
1.0  1.0  4.0  1.0  0.0
1.0  1.0  4.0  1.0  0.0
1.0  1.0  4.0  1.0  0.0
1.0  1.0  4.0  1.0  0.0
1.0  1.0  4.0  1.0  0.0
1.0  1.0  4.0  1.0  0.0

Cluster 3
Centroid: [1. 4. 1. 1.]

        0    1    2    3
5.0   0.0  4.0  1.0  1.0
10.0  0.0  4.0  1.0  1.0
3.0   0.0  4.0  1.0  1.0
3.0   0.0  4.0  1.0  1.0
1.0   0.0  4.0  1.0  1.0
3.0   0.0  4.0  1.0  2.0
1.0   0.0  4.0  3.0  3.0
1.0   1.0  4.0  1.0  1.0
1.0   1.0  4.0  1.0  2.0
1.0   1.0  4.0  1.0  2.0
1.0   1.0  4.0  1.0  1.0
1.0   1.0  4.0  1.0  1.0
1.0   2.0  4.0  1.0  2.0
1.0   1.0  4.0  1.0  1.0
1.0   1.0  4.0  1.0  1.0
1.0   1.0  4.0  1.0  1.0
1.0   1.0  4.0  1.0  1.0
1.0   1.0  4.0  1.0  1.0
1.0   1.0  4.0  1.0  1.0
       Max Dist  Min Dist  Avg Dist   SSE  Num Points
1      3.464102       0.0  0.461479  23.0        27.0
2      2.645751       0.0  0.375000   9.0        16.0
3      2.828427       0.0  0.458831  20.0        19.0
total  8.938280       0.0  1.295311  52.0        62.0



CENTROID SELECTION: random
DISTANCES: raw

Cluster 1
Centroid: [1. 2. 1. 1.]

       0    1    2    3
3.0  1.0  2.0  1.0  1.0
1.0  1.0  2.0  1.0  1.0
2.0  1.0  2.0  1.0  2.0
2.0  1.0  2.0  1.0  1.0
1.0  1.0  2.0  1.0  1.0
1.0  1.0  4.0  1.0  1.0
1.0  1.0  4.0  1.0  2.0
1.0  1.0  4.0  1.0  2.0
1.0  1.0  4.0  1.0  1.0
1.0  1.0  4.0  1.0  1.0
1.0  2.0  4.0  1.0  2.0
1.0  1.0  4.0  1.0  1.0
1.0  1.0  4.0  1.0  1.0
1.0  1.0  4.0  1.0  1.0
1.0  1.0  4.0  1.0  1.0
1.0  1.0  4.0  1.0  1.0
1.0  1.0  4.0  1.0  1.0

Cluster 2
Centroid: [1. 2. 1. 0.]

       0    1    2    3
3.0  0.0  2.0  1.0  0.0
5.0  0.0  4.0  1.0  0.0
2.0  0.0  2.0  1.0  0.0
4.0  0.0  4.0  1.0  0.0
4.0  0.0  2.0  1.0  0.0
2.0  0.0  2.0  1.0  0.0
3.0  1.0  2.0  1.0  0.0
4.0  0.0  2.0  1.0  0.0
1.0  0.0  4.0  2.0  0.0
3.0  0.0  4.0  1.0  0.0
1.0  0.0  2.0  1.0  0.0
2.0  0.0  4.0  2.0  0.0
3.0  0.0  4.0  1.0  0.0
3.0  0.0  4.0  1.0  0.0
1.0  1.0  2.0  1.0  0.0
1.0  1.0  2.0  1.0  0.0
1.0  1.0  2.0  1.0  0.0
1.0  1.0  4.0  1.0  0.0
1.0  1.0  4.0  1.0  0.0
1.0  1.0  4.0  1.0  0.0
1.0  1.0  4.0  1.0  0.0
1.0  1.0  4.0  1.0  0.0
1.0  1.0  4.0  1.0  0.0
1.0  1.0  4.0  1.0  0.0
1.0  1.0  4.0  1.0  0.0
1.0  1.0  4.0  1.0  0.0

Cluster 3
Centroid: [0. 2. 1. 1.]

        0    1    2    3
5.0   0.0  4.0  1.0  1.0
3.0   0.0  2.0  1.0  1.0
10.0  0.0  4.0  1.0  1.0
3.0   0.0  4.0  1.0  1.0
3.0   0.0  4.0  1.0  1.0
1.0   0.0  4.0  1.0  1.0
3.0   0.0  4.0  1.0  2.0
1.0   0.0  4.0  3.0  3.0
1.0   0.0  2.0  1.0  1.0
1.0   0.0  2.0  1.0  1.0
1.0   0.0  2.0  1.0  1.0
1.0   0.0  2.0  1.0  1.0
1.0   0.0  2.0  1.0  1.0
1.0   0.0  2.0  2.0  2.0
1.0   0.0  2.0  1.0  1.0
1.0   0.0  2.0  1.0  1.0
1.0   0.0  2.0  2.0  1.0
1.0   0.0  2.0  1.0  1.0
1.0   0.0  2.0  1.0  1.0
        Max Dist  Min Dist  Avg Dist    SSE  Num Points
1       4.898979       0.0  0.653047   53.0        17.0
2       5.656854       0.0  0.672252   79.0        26.0
3       3.741657       0.0  0.538028   40.0        19.0
total  14.297491       0.0  1.863327  172.0        62.0



CENTROID SELECTION: smart
DISTANCES: normalized

Cluster 1
Centroid: [0.5        3.12903226 1.09677419 0.70967742]

        0    1    2    3
3.0   0.0  2.0  1.0  0.0
5.0   0.0  4.0  1.0  1.0
5.0   0.0  4.0  1.0  0.0
2.0   0.0  2.0  1.0  0.0
3.0   0.0  2.0  1.0  1.0
4.0   0.0  4.0  1.0  0.0
10.0  0.0  4.0  1.0  1.0
4.0   0.0  2.0  1.0  0.0
2.0   0.0  2.0  1.0  0.0
3.0   1.0  2.0  1.0  0.0
3.0   1.0  2.0  1.0  1.0
4.0   0.0  2.0  1.0  0.0
1.0   0.0  4.0  2.0  0.0
3.0   0.0  4.0  1.0  1.0
3.0   0.0  4.0  1.0  0.0
1.0   0.0  2.0  1.0  0.0
2.0   0.0  4.0  2.0  0.0
3.0   0.0  4.0  1.0  0.0
3.0   0.0  4.0  1.0  1.0
1.0   0.0  4.0  1.0  1.0
3.0   0.0  4.0  1.0  0.0
3.0   0.0  4.0  1.0  2.0
1.0   1.0  2.0  1.0  1.0
1.0   0.0  2.0  1.0  1.0
1.0   0.0  2.0  1.0  1.0
1.0   0.0  2.0  1.0  1.0
1.0   0.0  2.0  1.0  1.0
1.0   0.0  2.0  1.0  1.0
1.0   0.0  2.0  2.0  2.0
2.0   1.0  2.0  1.0  2.0
1.0   0.0  2.0  1.0  1.0
1.0   0.0  2.0  1.0  1.0
2.0   1.0  2.0  1.0  1.0
1.0   0.0  2.0  2.0  1.0
1.0   1.0  2.0  1.0  1.0
1.0   0.0  2.0  1.0  1.0
1.0   0.0  2.0  1.0  1.0
1.0   1.0  2.0  1.0  0.0
1.0   1.0  2.0  1.0  0.0
1.0   1.0  2.0  1.0  0.0
1.0   1.0  4.0  1.0  0.0
1.0   1.0  4.0  1.0  1.0
1.0   1.0  4.0  1.0  0.0
1.0   1.0  4.0  1.0  1.0
1.0   1.0  4.0  1.0  1.0
1.0   1.0  4.0  1.0  0.0
1.0   1.0  4.0  1.0  1.0
1.0   1.0  4.0  1.0  0.0
1.0   1.0  4.0  1.0  1.0
1.0   1.0  4.0  1.0  0.0
1.0   1.0  4.0  1.0  1.0
1.0   1.0  4.0  1.0  1.0
1.0   1.0  4.0  1.0  0.0
1.0   1.0  4.0  1.0  0.0
1.0   1.0  4.0  1.0  0.0
1.0   1.0  4.0  1.0  1.0
1.0   1.0  4.0  1.0  0.0
1.0   1.0  4.0  1.0  1.0

Cluster 2
Centroid: [0. 4. 3. 3.]

       0    1    2    3
1.0  0.0  4.0  3.0  3.0

Cluster 3
Centroid: [2. 4. 1. 2.]

       0    1    2    3
1.0  1.0  4.0  1.0  2.0
1.0  1.0  4.0  1.0  2.0
1.0  2.0  4.0  1.0  2.0
       Max Dist  Min Dist  Avg Dist        SSE  Num Points
1      7.581812  2.972997  0.737144  96.736212        58.0
2      0.000000  0.000000  0.000000   0.000000         1.0
3      1.414214  0.000000  0.408248   2.000000         3.0
total  8.996025  2.972997  1.145392  98.736212        62.0



CENTROID SELECTION: smart
DISTANCES: raw

Cluster 1
Centroid: [0.5        3.12903226 1.09677419 0.70967742]

        0    1    2    3
3.0   0.0  2.0  1.0  0.0
5.0   0.0  4.0  1.0  1.0
5.0   0.0  4.0  1.0  0.0
2.0   0.0  2.0  1.0  0.0
3.0   0.0  2.0  1.0  1.0
4.0   0.0  4.0  1.0  0.0
10.0  0.0  4.0  1.0  1.0
4.0   0.0  2.0  1.0  0.0
2.0   0.0  2.0  1.0  0.0
3.0   1.0  2.0  1.0  0.0
3.0   1.0  2.0  1.0  1.0
4.0   0.0  2.0  1.0  0.0
1.0   0.0  4.0  2.0  0.0
3.0   0.0  4.0  1.0  1.0
3.0   0.0  4.0  1.0  0.0
1.0   0.0  2.0  1.0  0.0
2.0   0.0  4.0  2.0  0.0
3.0   0.0  4.0  1.0  0.0
3.0   0.0  4.0  1.0  1.0
1.0   0.0  4.0  1.0  1.0
3.0   0.0  4.0  1.0  0.0
3.0   0.0  4.0  1.0  2.0
1.0   1.0  2.0  1.0  1.0
1.0   0.0  2.0  1.0  1.0
1.0   0.0  2.0  1.0  1.0
1.0   0.0  2.0  1.0  1.0
1.0   0.0  2.0  1.0  1.0
1.0   0.0  2.0  1.0  1.0
1.0   0.0  2.0  2.0  2.0
2.0   1.0  2.0  1.0  2.0
1.0   0.0  2.0  1.0  1.0
1.0   0.0  2.0  1.0  1.0
2.0   1.0  2.0  1.0  1.0
1.0   0.0  2.0  2.0  1.0
1.0   1.0  2.0  1.0  1.0
1.0   0.0  2.0  1.0  1.0
1.0   0.0  2.0  1.0  1.0
1.0   1.0  2.0  1.0  0.0
1.0   1.0  2.0  1.0  0.0
1.0   1.0  2.0  1.0  0.0
1.0   1.0  4.0  1.0  0.0
1.0   1.0  4.0  1.0  1.0
1.0   1.0  4.0  1.0  0.0
1.0   1.0  4.0  1.0  1.0
1.0   1.0  4.0  1.0  1.0
1.0   1.0  4.0  1.0  0.0
1.0   1.0  4.0  1.0  1.0
1.0   1.0  4.0  1.0  0.0
1.0   1.0  4.0  1.0  1.0
1.0   1.0  4.0  1.0  0.0
1.0   1.0  4.0  1.0  1.0
1.0   1.0  4.0  1.0  1.0
1.0   1.0  4.0  1.0  0.0
1.0   1.0  4.0  1.0  0.0
1.0   1.0  4.0  1.0  0.0
1.0   1.0  4.0  1.0  1.0
1.0   1.0  4.0  1.0  0.0
1.0   1.0  4.0  1.0  1.0

Cluster 2
Centroid: [0. 4. 3. 3.]

       0    1    2    3
1.0  0.0  4.0  3.0  3.0

Cluster 3
Centroid: [2. 4. 1. 2.]

       0    1    2    3
1.0  1.0  4.0  1.0  2.0
1.0  1.0  4.0  1.0  2.0
1.0  2.0  4.0  1.0  2.0
       Max Dist  Min Dist  Avg Dist        SSE  Num Points
1      7.581812  2.972997  0.737144  96.736212        58.0
2      0.000000  0.000000  0.000000   0.000000         1.0
3      1.414214  0.000000  0.408248   2.000000         3.0
total  8.996025  2.972997  1.145392  98.736212        62.0






./data/birth_death_rate.csv
CENTROID SELECTION: random
DISTANCES: normalized

Cluster 1
Centroid: [36.3  6.1]

                       0     1
Algeria             36.4  14.6
Congo               37.3   8.0
Egypt               42.1  15.3
Ghana               55.8  25.6
Ivory Coast         56.1  33.1
Malagasy            41.8  15.8
Morocco             46.1  18.7
Tunisia             41.7  10.1
Cambodia            41.4  19.7
Ceylon              35.8   8.5
China               34.0  11.0
Taiwan              36.3   6.1
Hong Kong           32.1   5.5
Jordan              46.3   6.4
Malaysia            33.5   6.4
Mongolia            39.2  11.2
Philippines         28.4   7.1
Syria               26.2   4.3
Thailand            34.8   7.9
Costa Rica          49.9   8.5
Dominican Republic  33.0   8.4
Guatemala           47.7  17.3
Honduras            46.6   9.7
Mexico              45.1  10.5
Nicaragua           42.9   7.1
Panama              40.1   8.0
Brazil              45.0  13.5
Chile               33.6  11.8
Colombia            44.0  11.7
Ecuador             44.2  13.5
Peru                27.7   8.2
Venezuela           42.8   6.7

Cluster 2
Centroid: [18.1  9.2]

                   0     1
India           20.9   8.8
Indonesia       27.7  10.2
Iraq            20.5   3.9
Israel          25.0   6.2
Japan           17.3   7.0
Korea           14.8   5.7
Vietnam         23.4   5.1
Canada          24.8   7.8
United States   21.7   9.6
Argentina       21.8   8.1
Bolivia         17.4   5.8
Uruguay         22.5   7.8
Austria         18.8  12.8
Belgium         17.1  12.7
Britain         18.2  12.2
Bulgaria        16.4   8.2
Czechoslovakia  16.9   9.3
Denmark         17.6  19.8
Finland         18.1   9.2
France          18.2  11.7
East Germany    17.5  13.7
West Germany    18.5  11.4
Greece          17.4   7.8
Hungary         13.1   9.9
Ireland         22.3  11.9
Italy           19.0  10.2
Netherlands     20.9   8.0
Norway          17.5  10.0
Poland          19.0   7.5
Portugal        23.5  10.8
Romania         15.7   8.3
Spain           21.5   9.1
Sweden          14.8  10.1
Switzerland     18.9   9.6
USSR            21.2   7.2
Yugoslavia      21.4   8.9
Australia       21.6   8.7
New Zealand     25.5   8.8
        Max Dist   Min Dist  Avg Dist      SSE  Num Points
1      14.632156  13.408952  2.480864  4321.65        32.0
2      10.207840   8.648699  1.534687   781.94        38.0
total  24.839996  22.057652  4.015551  5103.59        70.0



CENTROID SELECTION: random
DISTANCES: raw

Cluster 1
Centroid: [17.6 19.8]

                   0     1
India           20.9   8.8
Indonesia       27.7  10.2
Iraq            20.5   3.9
Israel          25.0   6.2
Japan           17.3   7.0
Korea           14.8   5.7
Philippines     28.4   7.1
Syria           26.2   4.3
Vietnam         23.4   5.1
Canada          24.8   7.8
United States   21.7   9.6
Argentina       21.8   8.1
Bolivia         17.4   5.8
Peru            27.7   8.2
Uruguay         22.5   7.8
Austria         18.8  12.8
Belgium         17.1  12.7
Britain         18.2  12.2
Bulgaria        16.4   8.2
Czechoslovakia  16.9   9.3
Denmark         17.6  19.8
Finland         18.1   9.2
France          18.2  11.7
East Germany    17.5  13.7
West Germany    18.5  11.4
Greece          17.4   7.8
Hungary         13.1   9.9
Ireland         22.3  11.9
Italy           19.0  10.2
Netherlands     20.9   8.0
Norway          17.5  10.0
Poland          19.0   7.5
Portugal        23.5  10.8
Romania         15.7   8.3
Spain           21.5   9.1
Sweden          14.8  10.1
Switzerland     18.9   9.6
USSR            21.2   7.2
Yugoslavia      21.4   8.9
Australia       21.6   8.7
New Zealand     25.5   8.8

Cluster 2
Centroid: [46.6  9.7]

                       0     1
Algeria             36.4  14.6
Congo               37.3   8.0
Egypt               42.1  15.3
Ghana               55.8  25.6
Ivory Coast         56.1  33.1
Malagasy            41.8  15.8
Morocco             46.1  18.7
Tunisia             41.7  10.1
Cambodia            41.4  19.7
Ceylon              35.8   8.5
China               34.0  11.0
Taiwan              36.3   6.1
Hong Kong           32.1   5.5
Jordan              46.3   6.4
Malaysia            33.5   6.4
Mongolia            39.2  11.2
Thailand            34.8   7.9
Costa Rica          49.9   8.5
Dominican Republic  33.0   8.4
Guatemala           47.7  17.3
Honduras            46.6   9.7
Mexico              45.1  10.5
Nicaragua           42.9   7.1
Panama              40.1   8.0
Brazil              45.0  13.5
Chile               33.6  11.8
Colombia            44.0  11.7
Ecuador             44.2  13.5
Venezuela           42.8   6.7
        Max Dist   Min Dist  Avg Dist      SSE  Num Points
1      20.938004  11.819475  2.655184  5861.39        41.0
2      13.856406  11.273864  2.345575  3126.69        29.0
total  34.794410  23.093339  5.000759  8988.08        70.0



CENTROID SELECTION: smart
DISTANCES: normalized

Cluster 1
Centroid: [29.09       10.34285714]

                0     1
Algeria      36.4  14.6
Congo        37.3   8.0
Egypt        42.1  15.3
Malagasy     41.8  15.8
Morocco      46.1  18.7
...           ...   ...
Switzerland  18.9   9.6
USSR         21.2   7.2
Yugoslavia   21.4   8.9
Australia    21.6   8.7
New Zealand  25.5   8.8

[68 rows x 2 columns]

Cluster 2
Centroid: [56.1 33.1]

                0     1
Ghana        55.8  25.6
Ivory Coast  56.1  33.1
        Max Dist   Min Dist  Avg Dist          SSE  Num Points
1      25.889380  13.642895  2.509377  8783.442269        68.0
2       2.738613   0.547723  1.396424    56.340000         2.0
total  28.627993  14.190617  3.905801  8839.782269        70.0



CENTROID SELECTION: smart
DISTANCES: raw

Cluster 1
Centroid: [27.73636364  9.53484848]

                       0     1
Algeria             36.4  14.6
Congo               37.3   8.0
Tunisia             41.7  10.1
Ceylon              35.8   8.5
China               34.0  11.0
Taiwan              36.3   6.1
Hong Kong           32.1   5.5
India               20.9   8.8
Indonesia           27.7  10.2
Iraq                20.5   3.9
Israel              25.0   6.2
Japan               17.3   7.0
Korea               14.8   5.7
Malaysia            33.5   6.4
Mongolia            39.2  11.2
Philippines         28.4   7.1
Syria               26.2   4.3
Thailand            34.8   7.9
Vietnam             23.4   5.1
Canada              24.8   7.8
Dominican Republic  33.0   8.4
Nicaragua           42.9   7.1
Panama              40.1   8.0
United States       21.7   9.6
Argentina           21.8   8.1
Bolivia             17.4   5.8
Chile               33.6  11.8
Peru                27.7   8.2
Uruguay             22.5   7.8
Venezuela           42.8   6.7
Austria             18.8  12.8
Belgium             17.1  12.7
Britain             18.2  12.2
Bulgaria            16.4   8.2
Czechoslovakia      16.9   9.3
Denmark             17.6  19.8
Finland             18.1   9.2
France              18.2  11.7
East Germany        17.5  13.7
West Germany        18.5  11.4
Greece              17.4   7.8
Hungary             13.1   9.9
Ireland             22.3  11.9
Italy               19.0  10.2
Netherlands         20.9   8.0
Norway              17.5  10.0
Poland              19.0   7.5
Portugal            23.5  10.8
Romania             15.7   8.3
Spain               21.5   9.1
Sweden              14.8  10.1
Switzerland         18.9   9.6
USSR                21.2   7.2
Yugoslavia          21.4   8.9
Australia           21.6   8.7
New Zealand         25.5   8.8

Cluster 2
Centroid: [51.425 23.675]

                0     1
Egypt        42.1  15.3
Ghana        55.8  25.6
Ivory Coast  56.1  33.1
Malagasy     41.8  15.8
Morocco      46.1  18.7
Cambodia     41.4  19.7
Jordan       46.3   6.4
Costa Rica   49.9   8.5
Guatemala    47.7  17.3
Honduras     46.6   9.7
Mexico       45.1  10.5
Brazil       45.0  13.5
Colombia     44.0  11.7
Ecuador      44.2  13.5
        Max Dist   Min Dist  Avg Dist          SSE  Num Points
1      21.101486  10.926476  2.245354  4724.140239        56.0
2      11.612493   9.270922  2.808151  2157.747500        14.0
total  32.713980  20.197398  5.053505  6881.887739        70.0






./data/economy.csv
CENTROID SELECTION: random
DISTANCES: normalized

Cluster 1
Centroid: [ 8.66666667  6.33333333  5.5         7.66666667  7.83333333 10.5
 12.16666667 13.33333333 11.5        12.66666667]

    0  1  2  3  4   5   6   7   8   9
7   8  6  6  8  8  10  13  15  13  12
9   8  7  7  8  8  10  12  15  11  11
11  9  7  5  8  8  10  13  14  12  12
12  9  4  4  6  8  10  10  10   9  15
19  9  8  7  9  8  12  13  13  12  13
25  9  6  4  7  7  11  12  13  12  13

Cluster 2
Centroid: [ 9.75  9.5   9.75  9.75 10.   11.25 12.   13.25 12.5  12.  ]

     0   1   2   3   4   5   6   7   8   9
2   10   9   9  10  10  12  13  13  12  12
3   10   9   8  10  10  12  14  14  12  12
6   10   8   8   9  10  13  14  15  13  12
14   9   9  10   9   9  10  11  15  13  12
15  10  10  10  10  10  12  12  13  12  12
23  10  10  10  10  11  11  12  12  13  12
24  11   9   9  10   9  11  12  12  10  12

Cluster 3
Centroid: [ 9.83333333  8.33333333  7.66666667  7.83333333  8.          9.66666667
 10.5        10.66666667  9.          9.83333333]

     0   1  2  3  4   5   6   7   8   9
8    8   7  6  5  7   9  10  10   8   8
10  13  10  9  9  9  10  10  10   8   9
16   9   9  9  9  9  10  11  11  11  11
18   8   6  5  6  6   9  11  10   8   9
20  10   9  8  8  8   9   9  11   9  10

Cluster 4
Centroid: [12.25  11.125 10.25  11.5   11.625 13.375 15.375 15.75  13.5   13.5  ]

     0   1   2   3   4   5   6   7   8   9
4   14  14  11  16  17  17  20  16  12  15
5   13  10   9  10  10  11  14  15  13  12
13  13  12  11  12  12  14  18  21  18  17
17  13  13  14  13  13  13  14  14  14  14
21  11  11   9  10   9  13  14  16  13  13
22  14  12  12  12  12  14  15  15  13  13
        Max Dist  Min Dist  Avg Dist         SSE  Num Points
1       2.828427  1.290994  0.921954   72.833333         6.0
2       2.692582  0.000000  0.790569   52.187500         7.0
3       2.798809  1.632993  1.026320   82.555556         5.0
4       3.427827  2.645751  1.229837  240.250000         6.0
total  11.747646  5.569739  3.968682  447.826389        24.0



CENTROID SELECTION: random
DISTANCES: raw

Cluster 1
Centroid: [10.66666667  9.33333333  8.66666667  8.66666667  8.66666667  9.66666667
 10.         10.66666667  9.33333333 10.        ]

     0   1  2   3  4   5   6   7   8   9
10  13  10  9   9  9  10  10  10   8   9
16   9   9  9   9  9  10  11  11  11  11
20  10   9  8   8  8   9   9  11   9  10
24  11   9  9  10  9  11  12  12  10  12

Cluster 2
Centroid: [11.21428571 10.14285714  9.42857143 10.64285714 10.64285714 12.5
 14.14285714 14.5        12.78571429 12.92857143]

     0   1   2   3   4   5   6   7   8   9
2   10   9   9  10  10  12  13  13  12  12
3   10   9   8  10  10  12  14  14  12  12
4   14  14  11  16  17  17  20  16  12  15
5   13  10   9  10  10  11  14  15  13  12
6   10   8   8   9  10  13  14  15  13  12
13  13  12  11  12  12  14  18  21  18  17
15  10  10  10  10  10  12  12  13  12  12
17  13  13  14  13  13  13  14  14  14  14
21  11  11   9  10   9  13  14  16  13  13
22  14  12  12  12  12  14  15  15  13  13
23  10  10  10  10  11  11  12  12  13  12

Cluster 3
Centroid: [ 8.33333333  7.33333333  7.66666667  8.33333333  8.33333333 10.
 12.         15.         12.33333333 11.66666667]

    0  1   2  3  4   5   6   7   8   9
7   8  6   6  8  8  10  13  15  13  12
9   8  7   7  8  8  10  12  15  11  11
11  9  7   5  8  8  10  13  14  12  12
14  9  9  10  9  9  10  11  15  13  12
19  9  8   7  9  8  12  13  13  12  13

Cluster 4
Centroid: [ 8.5   5.75  4.75  6.    7.    9.75 10.75 10.75  9.25 11.25]

    0  1  2  3  4   5   6   7   8   9
8   8  7  6  5  7   9  10  10   8   8
12  9  4  4  6  8  10  10  10   9  15
18  8  6  5  6  6   9  11  10   8   9
25  9  6  4  7  7  11  12  13  12  13
        Max Dist  Min Dist  Avg Dist         SSE  Num Points
1       2.236068  1.290994  0.866025   35.555556         4.0
2       4.183300  3.262339  1.178542  414.413265        11.0
3       2.828427  1.414214  0.832666   43.555556         5.0
4       3.316625  1.414214  0.993730   68.250000         4.0
total  12.564420  7.381761  3.870964  561.774376        24.0



CENTROID SELECTION: smart
DISTANCES: normalized

Cluster 1
Centroid: [ 9.9375  8.625   8.0625  9.125   9.0625 11.125  12.5    13.5    11.875
 11.875 ]

     0   1   2   3   4   5   6   7   8   9
2   10   9   9  10  10  12  13  13  12  12
3   10   9   8  10  10  12  14  14  12  12
5   13  10   9  10  10  11  14  15  13  12
6   10   8   8   9  10  13  14  15  13  12
7    8   6   6   8   8  10  13  15  13  12
9    8   7   7   8   8  10  12  15  11  11
10  13  10   9   9   9  10  10  10   8   9
11   9   7   5   8   8  10  13  14  12  12
14   9   9  10   9   9  10  11  15  13  12
15  10  10  10  10  10  12  12  13  12  12
16   9   9   9   9   9  10  11  11  11  11
19   9   8   7   9   8  12  13  13  12  13
21  11  11   9  10   9  13  14  16  13  13
23  10  10  10  10  11  11  12  12  13  12
24  11   9   9  10   9  11  12  12  10  12
25   9   6   4   7   7  11  12  13  12  13

Cluster 2
Centroid: [14.  13.  11.5 14.  14.5 15.5 17.5 15.5 12.5 14. ]

     0   1   2   3   4   5   6   7   8   9
4   14  14  11  16  17  17  20  16  12  15
22  14  12  12  12  12  14  15  15  13  13

Cluster 3
Centroid: [ 8.75  6.5   5.75  6.25  7.25  9.25 10.   10.25  8.5  10.5 ]

     0  1  2  3  4   5   6   7  8   9
8    8  7  6  5  7   9  10  10  8   8
12   9  4  4  6  8  10  10  10  9  15
18   8  6  5  6  6   9  11  10  8   9
20  10  9  8  8  8   9   9  11  9  10

Cluster 4
Centroid: [13.  12.5 12.5 12.5 12.5 13.5 16.  17.5 16.  15.5]

     0   1   2   3   4   5   6   7   8   9
13  13  12  11  12  12  14  18  21  18  17
17  13  13  14  13  13  13  14  14  14  14
        Max Dist  Min Dist  Avg Dist       SSE  Num Points
1       4.782782  3.041381  1.005454  269.5625        16.0
2       2.236068  0.000000  1.095445   43.0000         2.0
3       3.000000  1.224745  0.955249   65.5000         4.0
4       2.645751  0.000000  1.118034   51.5000         2.0
total  12.664601  4.266126  4.174182  429.5625        24.0



CENTROID SELECTION: smart
DISTANCES: raw

Cluster 1
Centroid: [10.33333333  9.05555556  8.61111111  9.5         9.44444444 11.38888889
 12.72222222 13.61111111 12.05555556 12.05555556]

     0   1   2   3   4   5   6   7   8   9
2   10   9   9  10  10  12  13  13  12  12
3   10   9   8  10  10  12  14  14  12  12
5   13  10   9  10  10  11  14  15  13  12
6   10   8   8   9  10  13  14  15  13  12
7    8   6   6   8   8  10  13  15  13  12
9    8   7   7   8   8  10  12  15  11  11
11   9   7   5   8   8  10  13  14  12  12
14   9   9  10   9   9  10  11  15  13  12
15  10  10  10  10  10  12  12  13  12  12
16   9   9   9   9   9  10  11  11  11  11
17  13  13  14  13  13  13  14  14  14  14
19   9   8   7   9   8  12  13  13  12  13
21  11  11   9  10   9  13  14  16  13  13
22  14  12  12  12  12  14  15  15  13  13
23  10  10  10  10  11  11  12  12  13  12
24  11   9   9  10   9  11  12  12  10  12

Cluster 2
Centroid: [14. 14. 11. 16. 17. 17. 20. 16. 12. 15.]

    0   1   2   3   4   5   6   7   8   9
4  14  14  11  16  17  17  20  16  12  15

Cluster 3
Centroid: [ 8.75  6.5   5.75  6.25  7.25  9.25 10.   10.25  8.5  10.5 ]

     0   1  2  3  4   5   6   7   8   9
8    8   7  6  5  7   9  10  10   8   8
10  13  10  9  9  9  10  10  10   8   9
12   9   4  4  6  8  10  10  10   9  15
18   8   6  5  6  6   9  11  10   8   9
20  10   9  8  8  8   9   9  11   9  10
25   9   6  4  7  7  11  12  13  12  13

Cluster 4
Centroid: [13. 12. 11. 12. 12. 14. 18. 21. 18. 17.]

     0   1   2   3   4   5   6   7   8   9
13  13  12  11  12  12  14  18  21  18  17
       Max Dist  Min Dist  Avg Dist        SSE  Num Points
1      5.055250  2.728451  1.051454  334.91358        16.0
2      0.000000  0.000000  0.000000    0.00000         1.0
3      3.605551  2.000000  1.087811  157.25000         6.0
4      0.000000  0.000000  0.000000    0.00000         1.0
total  8.660802  4.728451  2.139265  492.16358        24.0






./data/mammal_milk.csv
CENTROID SELECTION: random
DISTANCES: normalized

Cluster 1
Centroid: [52.03333333 10.46666667 32.7         0.83333333  0.74333333]

             0     1     2    3     4
Rabbit    71.3  12.3  13.1  1.9  2.30
Deer      65.9  10.4  19.7  2.6  1.40
Reindeer  64.8  10.7  20.3  2.5  1.40
Whale     64.8  11.1  21.2  1.6  0.85
Seal      46.4   9.7  42.0  0.0  0.85
Dolphin   44.9  10.6  34.9  0.9  0.53

Cluster 2
Centroid: [81.75        5.63181818  7.25454545  4.58181818  0.84090909]

               0     1     2    3     4
Horse       90.1   2.6   1.0  6.9  0.35
Orangutan   88.5   1.4   3.5  6.0  0.24
Monkey      88.4   2.2   2.7  6.4  0.18
Donkey      90.3   1.7   1.4  6.2  0.40
Hippo       90.4   0.6   4.5  4.4  0.10
Camel       87.7   3.5   3.4  4.8  0.71
Bison       86.9   4.8   1.7  5.7  0.90
Buffalo     82.1   5.9   7.9  4.7  0.78
Guinea Pig  81.9   7.4   7.2  2.7  0.85
Cat         81.6  10.1   6.3  4.4  0.75
Fox         81.6   6.6   5.9  4.9  0.93
Llama       86.5   3.9   3.2  5.6  0.80
Mule        90.0   2.0   1.8  5.5  0.47
Pig         82.8   7.1   5.1  3.7  1.10
Zebra       86.2   3.0   4.8  5.3  0.70
Sheep       82.0   5.6   6.4  4.7  0.91
Dog         76.3   9.3   9.5  3.0  1.20
Elephant    70.7   3.6  17.6  5.6  0.63
Rat         72.5   9.2  12.6  3.3  1.40
        Max Dist  Min Dist  Avg Dist          SSE  Num Points
1       8.451824  1.815673  2.255093  1918.687233         6.0
2       9.764732  2.320462  1.578877  1275.259416        19.0
total  18.216557  4.136135  3.833970  3193.946649        25.0



CENTROID SELECTION: random
DISTANCES: raw

Cluster 1
Centroid: [76.55454545  6.77272727 11.52272727  3.85        0.88681818]

               0     1     2    3     4
Buffalo     82.1   5.9   7.9  4.7  0.78
Guinea Pig  81.9   7.4   7.2  2.7  0.85
Cat         81.6  10.1   6.3  4.4  0.75
Fox         81.6   6.6   5.9  4.9  0.93
Pig         82.8   7.1   5.1  3.7  1.10
Sheep       82.0   5.6   6.4  4.7  0.91
Dog         76.3   9.3   9.5  3.0  1.20
Elephant    70.7   3.6  17.6  5.6  0.63
Rabbit      71.3  12.3  13.1  1.9  2.30
Rat         72.5   9.2  12.6  3.3  1.40
Deer        65.9  10.4  19.7  2.6  1.40
Reindeer    64.8  10.7  20.3  2.5  1.40
Whale       64.8  11.1  21.2  1.6  0.85
Seal        46.4   9.7  42.0  0.0  0.85
Dolphin     44.9  10.6  34.9  0.9  0.53

Cluster 2
Centroid: [90.13333333  2.1         1.4         6.2         0.40666667]

              0    1    2    3     4
Horse      90.1  2.6  1.0  6.9  0.35
Orangutan  88.5  1.4  3.5  6.0  0.24
Monkey     88.4  2.2  2.7  6.4  0.18
Donkey     90.3  1.7  1.4  6.2  0.40
Hippo      90.4  0.6  4.5  4.4  0.10
Camel      87.7  3.5  3.4  4.8  0.71
Bison      86.9  4.8  1.7  5.7  0.90
Llama      86.5  3.9  3.2  5.6  0.80
Mule       90.0  2.0  1.8  5.5  0.47
Zebra      86.2  3.0  4.8  5.3  0.70
        Max Dist  Min Dist  Avg Dist          SSE  Num Points
1      12.002651  2.124425  2.098555  4658.615221        15.0
2       4.147288  1.519868  1.014002   110.664389        10.0
total  16.149939  3.644293  3.112557  4769.279610        25.0



CENTROID SELECTION: smart
DISTANCES: normalized

Cluster 1
Centroid: [81.01304348  5.86956522  7.86086957  4.45217391  0.84130435]

               0     1     2    3     4
Horse       90.1   2.6   1.0  6.9  0.35
Orangutan   88.5   1.4   3.5  6.0  0.24
Monkey      88.4   2.2   2.7  6.4  0.18
Donkey      90.3   1.7   1.4  6.2  0.40
Hippo       90.4   0.6   4.5  4.4  0.10
Camel       87.7   3.5   3.4  4.8  0.71
Bison       86.9   4.8   1.7  5.7  0.90
Buffalo     82.1   5.9   7.9  4.7  0.78
Guinea Pig  81.9   7.4   7.2  2.7  0.85
Cat         81.6  10.1   6.3  4.4  0.75
Fox         81.6   6.6   5.9  4.9  0.93
Llama       86.5   3.9   3.2  5.6  0.80
Mule        90.0   2.0   1.8  5.5  0.47
Pig         82.8   7.1   5.1  3.7  1.10
Zebra       86.2   3.0   4.8  5.3  0.70
Sheep       82.0   5.6   6.4  4.7  0.91
Dog         76.3   9.3   9.5  3.0  1.20
Elephant    70.7   3.6  17.6  5.6  0.63
Rabbit      71.3  12.3  13.1  1.9  2.30
Rat         72.5   9.2  12.6  3.3  1.40
Deer        65.9  10.4  19.7  2.6  1.40
Reindeer    64.8  10.7  20.3  2.5  1.40

Cluster 2
Centroid: [45.65 10.15 38.45  0.45  0.69]

            0     1     2    3     4
Whale    64.8  11.1  21.2  1.6  0.85
Seal     46.4   9.7  42.0  0.0  0.85
Dolphin  44.9  10.6  34.9  0.9  0.53
        Max Dist  Min Dist  Avg Dist          SSE  Num Points
1      12.056930  2.821809  1.783382  2414.973418        22.0
2       4.934572  0.692820  1.814387   693.726800         3.0
total  16.991502  3.514630  3.597769  3108.700218        25.0



CENTROID SELECTION: smart
DISTANCES: raw

Cluster 1
Centroid: [81.01304348  5.86956522  7.86086957  4.45217391  0.84130435]

               0     1     2    3     4
Horse       90.1   2.6   1.0  6.9  0.35
Orangutan   88.5   1.4   3.5  6.0  0.24
Monkey      88.4   2.2   2.7  6.4  0.18
Donkey      90.3   1.7   1.4  6.2  0.40
Hippo       90.4   0.6   4.5  4.4  0.10
Camel       87.7   3.5   3.4  4.8  0.71
Bison       86.9   4.8   1.7  5.7  0.90
Buffalo     82.1   5.9   7.9  4.7  0.78
Guinea Pig  81.9   7.4   7.2  2.7  0.85
Cat         81.6  10.1   6.3  4.4  0.75
Fox         81.6   6.6   5.9  4.9  0.93
Llama       86.5   3.9   3.2  5.6  0.80
Mule        90.0   2.0   1.8  5.5  0.47
Pig         82.8   7.1   5.1  3.7  1.10
Zebra       86.2   3.0   4.8  5.3  0.70
Sheep       82.0   5.6   6.4  4.7  0.91
Dog         76.3   9.3   9.5  3.0  1.20
Elephant    70.7   3.6  17.6  5.6  0.63
Rabbit      71.3  12.3  13.1  1.9  2.30
Rat         72.5   9.2  12.6  3.3  1.40
Deer        65.9  10.4  19.7  2.6  1.40
Reindeer    64.8  10.7  20.3  2.5  1.40
Whale       64.8  11.1  21.2  1.6  0.85

Cluster 2
Centroid: [45.65 10.15 38.45  0.45  0.69]

            0     1     2    3     4
Seal     46.4   9.7  42.0  0.0  0.85
Dolphin  44.9  10.6  34.9  0.9  0.53
        Max Dist  Min Dist  Avg Dist          SSE  Num Points
1      12.711515  2.823350  1.835621  2891.261017        23.0
2       2.664583  0.565685  1.035374    27.191200         2.0
total  15.376097  3.389035  2.870995  2918.452217        25.0






./data/many_clusters.csv
CENTROID SELECTION: random
DISTANCES: normalized

Cluster 1
Centroid: [26 37]

     0   1
0   24  49
2   19  44
3   23  44
4   22  43
5   24  43
6   26  43
8   23  42
15  20  39
19  26  37
28  26  33
38  18  26

Cluster 2
Centroid: [41 41]

     0   1
1   38  45
7   42  43
9   40  42
11  41  41
12  44  41
13  40  40
14  44  40
20  43  37
23  38  36
33  46  30

Cluster 3
Centroid: [9 7]

     0   1
49  11  18
53   7  14
58   5   8
60   9   7
61  11   7
63  10   6
67   9   5
70  10   3

Cluster 4
Centroid: [ 6 37]

     0   1
10  10  41
16   3  38
17   6  37
18   8  37
21   7  36
22  13  36

Cluster 5
Centroid: [ 6 35]

     0   1
24   6  35
25   8  35
26  10  34
27   5  33
30   9  32
34  11  28
43   9  23

Cluster 6
Centroid: [34 27]

     0   1
29  38  33
31  31  30
32  35  30
35  28  28
36  34  27
37  36  27
39  37  26
40  35  25
41  39  25
42  37  24
44  41  23
45  31  21
46  38  21
47  23  19
48  50  19
50  31  17
51  39  16
52  44  15
55  39  11
59  44   8
62  42   7
65  41   6
66  43   6
69  43   5

Cluster 7
Centroid: [13  6]

     0   1
54  21  13
56  12  10
57  16   9
64  13   6
68  11   5
71  27   3
72  14   1
        Max Dist   Min Dist   Avg Dist     SSE  Num Points
1       8.124038   5.916080   2.142641   707.0        11.0
2       5.385165   4.690416   1.596872   253.0        10.0
3       5.099020   3.464102   1.541104   222.0         8.0
4       4.123106   2.645751   1.414214    98.0         6.0
5       5.000000   4.242641   1.752549   271.0         7.0
6      14.317821  11.618950   2.661453  4132.0        24.0
7       5.385165   4.795832   1.927248   384.0         7.0
total  47.434314  37.373771  13.036080  6067.0        73.0



CENTROID SELECTION: random
DISTANCES: raw

Cluster 1
Centroid: [24 49]

    0   1
0  24  49
1  38  45

Cluster 2
Centroid: [31 30]

     0   1
7   42  43
9   40  42
11  41  41
12  44  41
13  40  40
14  44  40
20  43  37
23  38  36
28  26  33
29  38  33
31  31  30
32  35  30
33  46  30
35  28  28
36  34  27
37  36  27
38  18  26
39  37  26
40  35  25
41  39  25
42  37  24
44  41  23
45  31  21
46  38  21
47  23  19
50  31  17

Cluster 3
Centroid: [41  6]

     0  1
65  41  6
69  43  5
71  27  3

Cluster 4
Centroid: [23 44]

     0   1
2   19  44
3   23  44
4   22  43
5   24  43
6   26  43
8   23  42
10  10  41
15  20  39
16   3  38
17   6  37
18   8  37
19  26  37
21   7  36
22  13  36
24   6  35
25   8  35
26  10  34
27   5  33
30   9  32
34  11  28

Cluster 5
Centroid: [42  7]

     0   1
55  39  11
62  42   7
66  43   6

Cluster 6
Centroid: [44  8]

     0   1
48  50  19
51  39  16
52  44  15
59  44   8

Cluster 7
Centroid: [5 8]

     0   1
43   9  23
49  11  18
53   7  14
54  21  13
56  12  10
57  16   9
58   5   8
60   9   7
61  11   7
63  10   6
64  13   6
67   9   5
68  11   5
70  10   3
72  14   1
        Max Dist   Min Dist   Avg Dist     SSE  Num Points
1       3.741657   2.000000   2.121320   212.0         2.0
2      13.711309  12.922848   2.612838  3305.0        26.0
3       4.000000   2.000000   1.825742   210.0         3.0
4      13.964240  11.090537   2.819574  3966.0        20.0
5       2.236068   2.000000   1.224745    27.0         3.0
6       5.099020   3.316625   2.150581   295.0         4.0
7       9.643651   7.937254   2.280351  1274.0        15.0
total  52.395945  41.267263  15.035152  9289.0        73.0



CENTROID SELECTION: smart
DISTANCES: normalized

Cluster 1
Centroid: [29.93333333 25.53333333]

     0   1
28  26  33
31  31  30
32  35  30
35  28  28
36  34  27
37  36  27
38  18  26
39  37  26
40  35  25
45  31  21
47  23  19
50  31  17

Cluster 2
Centroid: [10.61538462  7.61538462]

     0   1
49  11  18
53   7  14
54  21  13
56  12  10
57  16   9
58   5   8
60   9   7
61  11   7
63  10   6
64  13   6
67   9   5
68  11   5
70  10   3
72  14   1

Cluster 3
Centroid: [40.8 39.8]

     0   1
1   38  45
7   42  43
9   40  42
11  41  41
12  44  41
13  40  40
14  44  40
20  43  37
23  38  36
29  38  33

Cluster 4
Centroid: [ 8.07692308 34.23076923]

     0   1
10  10  41
16   3  38
17   6  37
18   8  37
21   7  36
22  13  36
24   6  35
25   8  35
26  10  34
27   5  33
30   9  32
34  11  28
43   9  23

Cluster 5
Centroid: [39.85714286  6.57142857]

     0   1
55  39  11
59  44   8
62  42   7
65  41   6
66  43   6
69  43   5
71  27   3

Cluster 6
Centroid: [22.625 43.375]

     0   1
0   24  49
2   19  44
3   23  44
4   22  43
5   24  43
6   26  43
8   23  42
15  20  39
19  26  37

Cluster 7
Centroid: [42.42857143 21.28571429]

     0   1
33  46  30
41  39  25
42  37  24
44  41  23
46  38  21
48  50  19
51  39  16
52  44  15
        Max Dist   Min Dist   Avg Dist          SSE  Num Points
1       7.434155   6.547264   2.022100   610.533333        12.0
2       6.872465   6.145668   1.742330   476.988166        14.0
3       5.176872   4.472136   1.529706   165.200000        10.0
4       6.504436   5.203549   1.633597   341.230769        13.0
5       5.237229   3.545621   1.690309   246.571429         7.0
6       4.486090   4.138236   1.438556   141.781250         9.0
7       5.567764   5.554921   1.966233   319.979592         8.0
total  41.279011  35.607395  12.022831  2302.284539        73.0



CENTROID SELECTION: smart
DISTANCES: raw

Cluster 1
Centroid: [29.93333333 25.53333333]

     0   1
28  26  33
31  31  30
32  35  30
35  28  28
36  34  27
37  36  27
38  18  26
39  37  26
40  35  25
45  31  21
47  23  19
50  31  17

Cluster 2
Centroid: [10.61538462  7.61538462]

     0   1
49  11  18
53   7  14
54  21  13
56  12  10
57  16   9
58   5   8
60   9   7
61  11   7
63  10   6
64  13   6
67   9   5
68  11   5
70  10   3
72  14   1

Cluster 3
Centroid: [40.8 39.8]

     0   1
1   38  45
7   42  43
9   40  42
11  41  41
12  44  41
13  40  40
14  44  40
20  43  37
23  38  36
29  38  33

Cluster 4
Centroid: [ 8.07692308 34.23076923]

     0   1
10  10  41
16   3  38
17   6  37
18   8  37
21   7  36
22  13  36
24   6  35
25   8  35
26  10  34
27   5  33
30   9  32
34  11  28
43   9  23

Cluster 5
Centroid: [39.85714286  6.57142857]

     0   1
55  39  11
59  44   8
62  42   7
65  41   6
66  43   6
69  43   5
71  27   3

Cluster 6
Centroid: [22.625 43.375]

     0   1
0   24  49
2   19  44
3   23  44
4   22  43
5   24  43
6   26  43
8   23  42
15  20  39
19  26  37

Cluster 7
Centroid: [42.42857143 21.28571429]

     0   1
33  46  30
41  39  25
42  37  24
44  41  23
46  38  21
48  50  19
51  39  16
52  44  15
        Max Dist   Min Dist   Avg Dist          SSE  Num Points
1       7.434155   6.547264   2.022100   610.533333        12.0
2       6.872465   6.145668   1.742330   476.988166        14.0
3       5.176872   4.472136   1.529706   165.200000        10.0
4       6.504436   5.203549   1.633597   341.230769        13.0
5       5.237229   3.545621   1.690309   246.571429         7.0
6       4.486090   4.138236   1.438556   141.781250         9.0
7       5.567764   5.554921   1.966233   319.979592         8.0
total  41.279011  35.607395  12.022831  2302.284539        73.0






./data/planets.csv
CENTROID SELECTION: random
DISTANCES: normalized

Cluster 1
Centroid: [168.5552    7.3733    2.34151]

              0       1       2
1935RF  130.916   4.659  2.2562
1941FD  132.200   4.700  2.1300
1955QT  130.070   4.790  2.1893
1940YL  338.333  16.773  2.7465
1953NH  339.625  16.067  2.7335
1930SY   80.804   4.622  2.1890
1949HM   80.804   4.622  2.1906
1951AX  153.100   6.500  2.4500
1948RH  164.100  10.000  1.9300

Cluster 2
Centroid: [90.17644444  4.80822222  3.00661111]

              0       1       2
1929EC  115.072   2.666  3.1676
1948RO   89.900   2.100  3.3500
1951AM  115.072   2.666  3.1676
1938DL  135.600   1.000  2.6000
1924TZ   59.900   5.700  2.7900
1931DQ   69.600   4.700  2.8100
1936AB   78.100   6.600  2.9000
1952DA   55.144   4.542  3.0343
1948RB  194.600   1.800  3.0200
1948TG   34.200  12.500  2.8200
        Max Dist  Min Dist  Avg Dist           SSE  Num Points
1      25.470375  1.438551  5.040122  78176.700309         9.0
2      18.810978  1.348888  3.560109  20157.544529        10.0
total  44.281353  2.787440  8.600231  98334.244838        19.0



CENTROID SELECTION: random
DISTANCES: raw

Cluster 1
Centroid: [237.9516  10.228    2.576 ]

              0       1       2
1940YL  338.333  16.773  2.7465
1953NH  339.625  16.067  2.7335
1948RB  194.600   1.800  3.0200

Cluster 2
Centroid: [93.38442857  4.70478571  2.68532857]

              0       1       2
1935RF  130.916   4.659  2.2562
1941FD  132.200   4.700  2.1300
1955QT  130.070   4.790  2.1893
1930SY   80.804   4.622  2.1890
1949HM   80.804   4.622  2.1906
1929EC  115.072   2.666  3.1676
1948RO   89.900   2.100  3.3500
1951AM  115.072   2.666  3.1676
1938DL  135.600   1.000  2.6000
1951AX  153.100   6.500  2.4500
1924TZ   59.900   5.700  2.7900
1931DQ   69.600   4.700  2.8100
1936AB   78.100   6.600  2.9000
1952DA   55.144   4.542  3.0343
1948RH  164.100  10.000  1.9300
1948TG   34.200  12.500  2.8200
        Max Dist  Min Dist  Avg Dist           SSE  Num Points
1      15.665452  0.878635  5.446614  22441.480099         3.0
2      22.971243  2.470708  3.423006  22893.383730        16.0
total  38.636695  3.349344  8.869620  45334.863828        19.0



CENTROID SELECTION: smart
DISTANCES: normalized

Cluster 1
Centroid: [107.01070588   4.951        2.64674118]

              0       1       2
1935RF  130.916   4.659  2.2562
1941FD  132.200   4.700  2.1300
1955QT  130.070   4.790  2.1893
1930SY   80.804   4.622  2.1890
1949HM   80.804   4.622  2.1906
1929EC  115.072   2.666  3.1676
1948RO   89.900   2.100  3.3500
1951AM  115.072   2.666  3.1676
1938DL  135.600   1.000  2.6000
1951AX  153.100   6.500  2.4500
1924TZ   59.900   5.700  2.7900
1931DQ   69.600   4.700  2.8100
1936AB   78.100   6.600  2.9000
1952DA   55.144   4.542  3.0343
1948RB  194.600   1.800  3.0200
1948RH  164.100  10.000  1.9300
1948TG   34.200  12.500  2.8200

Cluster 2
Centroid: [338.979  16.42    2.74 ]

              0       1       2
1940YL  338.333  16.773  2.7465
1953NH  339.625  16.067  2.7335
        Max Dist  Min Dist  Avg Dist           SSE  Num Points
1      24.804582  2.545125  3.583281  29988.987169        17.0
2       1.136662  0.114018  0.578936      1.083934         2.0
total  25.941244  2.659142  4.162217  29990.071104        19.0



CENTROID SELECTION: smart
DISTANCES: raw

Cluster 1
Centroid: [107.01070588   4.951        2.64674118]

              0       1       2
1935RF  130.916   4.659  2.2562
1941FD  132.200   4.700  2.1300
1955QT  130.070   4.790  2.1893
1930SY   80.804   4.622  2.1890
1949HM   80.804   4.622  2.1906
1929EC  115.072   2.666  3.1676
1948RO   89.900   2.100  3.3500
1951AM  115.072   2.666  3.1676
1938DL  135.600   1.000  2.6000
1951AX  153.100   6.500  2.4500
1924TZ   59.900   5.700  2.7900
1931DQ   69.600   4.700  2.8100
1936AB   78.100   6.600  2.9000
1952DA   55.144   4.542  3.0343
1948RB  194.600   1.800  3.0200
1948RH  164.100  10.000  1.9300
1948TG   34.200  12.500  2.8200

Cluster 2
Centroid: [338.979  16.42    2.74 ]

              0       1       2
1940YL  338.333  16.773  2.7465
1953NH  339.625  16.067  2.7335
        Max Dist  Min Dist  Avg Dist           SSE  Num Points
1      24.804582  2.545125  3.583281  29988.987169        17.0
2       1.136662  0.114018  0.578936      1.083934         2.0
total  25.941244  2.659142  4.162217  29990.071104        19.0






