./data/4clusters.csv
            SSE  dsse/dk
1  11641.128205 -4326.22
2   7314.909120 -4241.77
3   3073.142445 -1945.82
4   1127.317936 -62.9293
5   1064.388605        0
6   1064.388605        0

./data/AccidentsSet01.csv
          SSE  dsse/dk
1  499.052632 -263.123
2  235.930122 -155.103
3   80.826667        0
4   80.826667        0

./data/AccidentsSet02.csv
            SSE  dsse/dk
1  12109.551020 -8073.12
2   4036.432025  -1327.7
3   2708.730579 -1624.07
4   1084.660975 -787.581
5    297.080087        0
6    297.080087        0

./data/AccidentsSet03.csv
          SSE  dsse/dk
1  116.661290 -9.87643
2  106.784860 -8.04865
3   98.736212  -54.671
4   44.065222        0
5   44.065222        0

./data/birth_death_rate.csv
            SSE  dsse/dk
1  10977.074429 -4095.19
2   6881.887739 -3819.55
3   3062.333806        0
4   3062.333806        0

./data/economy.csv
           SSE  dsse/dk
1  1206.083333 -484.001
2   722.082645 -193.561
3   528.521605  -36.358
4   492.163580 -79.0872
5   413.076413        0
6   413.076413        0

./data/mammal_milk.csv
           SSE  dsse/dk
1  7004.360184 -4085.91
2  2918.452217 -1730.28
3  1188.169640  317.351
4  1505.520288        0

./data/many_clusters.csv
            SSE  dsse/dk
1  27871.808219    -9431
2  18440.806934 -2328.88
3  16111.926440 -8955.08
4   7156.845532 -2358.35
5   4798.499867 -2138.48
6   2660.017075 -357.733
7   2302.284539 -246.145
8   2056.139770        0
9   2056.139770        0

./data/planets.csv
             SSE  dsse/dk
1  126515.777870 -96525.7
2   29990.071104 -22039.5
3    7950.594531        0
4    7950.594531        0

                             k   t
./data/4clusters.csv         4   3
./data/AccidentsSet01.csv    2   1
./data/AccidentsSet02.csv    4  20
./data/AccidentsSet03.csv    3  20
./data/birth_death_rate.csv  2   4
./data/economy.csv           4   2
./data/mammal_milk.csv       2   1
./data/many_clusters.csv     7   2
./data/planets.csv           2   5
