
Cluster 1
Centroid: [30.91666667 22.75      ]

     0   1
21  32  27
22  26  25
23  39  24
24  34  23
25  37  23
26  22  22
27  38  21
28  35  20
29  31  18
30  26  16
32  26  16

Cluster 2
Centroid: [35.85714286 10.85714286]

     0   1
31  31  13
33  38  13
34  29  11
35  34  11
36  37  10
37  40   9
38  42   9

Cluster 3
Centroid: [10.72727273 37.81818182]

     0   1
4   10  42
6    8  41
8   13  40
10   7  39
13   9  38
14  12  38
15  19  38
16  25  38
17   6  37
18  13  35
19   9  34
20  12  34

Cluster 4
Centroid: [41.11111111 41.77777778]

     0   1
0   41  45
1   39  44
2   42  43
3   44  43
5   38  42
7   41  41
9   45  40
11  38  39
12  42  39

./data/4clusters.csv Summary
         Max Dist   Min Dist  Avg Dist          SSE  Num Points
1        7.297260   5.634714  1.965613   481.597222        11.0
2        5.209881   3.023716  1.609918   151.714286         7.0
3        6.708204   4.767313  1.679872   407.561983        12.0
4        4.136558   4.027682  1.360828    86.444444         9.0
totals  23.351902  17.453425  6.616231  1127.317936        39.0

Cluster 1
Centroid: [4.4 8.4 1.5]

   0   1  2
2  5  12  1
3  5  11  1
4  5  10  1
5  5   9  1
6  5   9  1
7  5   8  1
8  5   8  1
9  5   7  1

Cluster 2
Centroid: [ 4.         16.          1.33333333]

    0   1  2
0   5  15  1
1   5  14  1
10  2  19  2

Cluster 3
Centroid: [2.  2.5 1.5]

    0  1  2
11  2  1  1
12  2  2  2
13  2  2  2
14  2  2  1
15  2  4  2
16  2  4  1
17  2  5  3
18  2  5  4

./data/AccidentsSet01.csv Summary
        Max Dist  Min Dist  Avg Dist        SSE  Num Points
1       3.346640  2.000000  0.912871  30.160000         8.0
2       2.449490  1.154701  1.122167  20.666667         3.0
3       3.316625  0.000000  0.866025  30.000000         8.0
totals  9.112755  3.154701  2.901064  80.826667        19.0

Cluster 1
Centroid: [ 1.59183673  3.73469388  0.44897959  4.02040816 48.16326531  1.20408163
  0.30612245]

      0    1    2    3     4    5    6
11  1.0  3.0  1.0  4.0  45.0  1.0  1.0
12  1.0  7.0  0.0  4.0  45.0  1.0  0.0
13  1.0  2.0  1.0  4.0  45.0  1.0  1.0
14  1.0  2.0  1.0  4.0  45.0  1.0  0.0
15  2.0  2.0  0.0  4.0  45.0  1.0  1.0
16  1.0  2.0  1.0  4.0  45.0  1.0  1.0
17  1.0  2.0  1.0  4.0  45.0  1.0  1.0
18  1.0  3.0  2.0  4.0  45.0  2.0  0.0
19  1.0  2.0  1.0  4.0  45.0  1.0  0.0
20  1.0  3.0  1.0  4.0  45.0  1.0  0.0
21  5.0  6.0  0.0  4.0  45.0  2.0  0.0
22  1.0  3.0  2.0  4.0  45.0  1.0  0.0

Cluster 2
Centroid: [ 4. 25.  0.  2. 70.  2.  0.]

      0     1    2    3     4    5    6
38  4.0  25.0  0.0  2.0  70.0  2.0  0.0

Cluster 3
Centroid: [ 1.  1.  0.  9. 35.  1.  0.]

      0    1    2    3     4    5    6
0   3.0  4.0  0.0  4.0  35.0  1.0  1.0
1   2.0  6.0  0.0  4.0  35.0  1.0  0.0
2   3.0  4.0  0.0  4.0  35.0  2.0  0.0
3   1.0  4.0  0.0  4.0  35.0  3.0  1.0
4   2.0  4.0  0.0  4.0  35.0  1.0  1.0
5   1.0  4.0  0.0  4.0  35.0  1.0  0.0
6   1.0  5.0  1.0  3.0  35.0  1.0  0.0
7   1.0  6.0  5.0  3.0  35.0  2.0  0.0
8   2.0  6.0  0.0  3.0  35.0  1.0  1.0
9   1.0  4.0  0.0  2.0  35.0  1.0  0.0
10  2.0  9.0  0.0  2.0  35.0  1.0  1.0
23  1.0  2.0  1.0  9.0  35.0  1.0  0.0
24  1.0  2.0  1.0  9.0  35.0  1.0  0.0
25  2.0  1.0  0.0  9.0  35.0  1.0  0.0
26  1.0  2.0  1.0  9.0  35.0  1.0  0.0
27  1.0  1.0  0.0  9.0  35.0  1.0  0.0
28  1.0  2.0  1.0  7.0  35.0  1.0  0.0
29  1.0  1.0  0.0  6.0  35.0  1.0  0.0
30  2.0  2.0  0.0  6.0  35.0  1.0  0.0
31  1.0  3.0  1.0  6.0  35.0  1.0  0.0
32  3.0  3.0  0.0  6.0  35.0  1.0  0.0
33  2.0  3.0  0.0  6.0  35.0  1.0  0.0

Cluster 4
Centroid: [ 1.  1.  0.  2. 70.  1.  1.]

      0    1    2    3     4    5    6
34  1.0  1.0  0.0  2.0  70.0  1.0  0.0
35  2.0  2.0  0.0  2.0  70.0  1.0  0.0
36  6.0  9.0  0.0  2.0  70.0  2.0  0.0
37  1.0  1.0  0.0  2.0  70.0  1.0  0.0
39  1.0  1.0  0.0  2.0  70.0  1.0  0.0
40  1.0  1.0  0.0  2.0  70.0  1.0  0.0
41  1.0  3.0  0.0  2.0  70.0  1.0  0.0
42  1.0  6.0  0.0  2.0  70.0  3.0  2.0
43  1.0  1.0  0.0  2.0  70.0  1.0  0.0
44  1.0  8.0  0.0  2.0  70.0  1.0  0.0
45  1.0  2.0  0.0  2.0  70.0  1.0  2.0
46  3.0  5.0  0.0  2.0  70.0  1.0  0.0
47  1.0  2.0  0.0  2.0  70.0  1.0  0.0
48  1.0  1.0  0.0  2.0  70.0  1.0  1.0

./data/AccidentsSet02.csv Summary
         Max Dist  Min Dist  Avg Dist          SSE  Num Points
1        6.161102  0.494872  1.002184   183.660975        12.0
2        0.000000  0.000000  0.000000     0.000000         1.0
3        8.888194  0.000000  1.044466   692.000000        22.0
4        5.385165  0.000000  0.735402   209.000000        14.0
totals  20.434462  0.494872  2.782052  1084.660975        49.0

Cluster 1
Centroid: [0.66666667 3.58974359 1.05128205 0.51282051]

        0    1    2    3
5.0   0.0  4.0  1.0  1.0
5.0   0.0  4.0  1.0  0.0
4.0   0.0  4.0  1.0  0.0
10.0  0.0  4.0  1.0  1.0
1.0   0.0  4.0  2.0  0.0
3.0   0.0  4.0  1.0  1.0
3.0   0.0  4.0  1.0  0.0
2.0   0.0  4.0  2.0  0.0
3.0   0.0  4.0  1.0  0.0
3.0   0.0  4.0  1.0  1.0
1.0   0.0  4.0  1.0  1.0
3.0   0.0  4.0  1.0  0.0
1.0   1.0  4.0  1.0  0.0
1.0   1.0  4.0  1.0  1.0
1.0   1.0  4.0  1.0  0.0
1.0   1.0  4.0  1.0  1.0
1.0   1.0  4.0  1.0  1.0
1.0   1.0  4.0  1.0  0.0
1.0   1.0  4.0  1.0  1.0
1.0   1.0  4.0  1.0  0.0
1.0   1.0  4.0  1.0  1.0
1.0   1.0  4.0  1.0  0.0
1.0   1.0  4.0  1.0  1.0
1.0   1.0  4.0  1.0  1.0
1.0   1.0  4.0  1.0  0.0
1.0   1.0  4.0  1.0  0.0
1.0   1.0  4.0  1.0  0.0
1.0   1.0  4.0  1.0  1.0
1.0   1.0  4.0  1.0  0.0
1.0   1.0  4.0  1.0  1.0

Cluster 2
Centroid: [0. 4. 3. 3.]

       0    1    2    3
1.0  0.0  4.0  3.0  3.0

Cluster 3
Centroid: [1.33333333 4.         1.         2.        ]

       0    1    2    3
3.0  0.0  4.0  1.0  2.0
1.0  1.0  4.0  1.0  2.0
1.0  1.0  4.0  1.0  2.0
1.0  2.0  4.0  1.0  2.0

Cluster 4
Centroid: [0.05263158 2.         1.10526316 0.78947368]

       0    1    2    3
3.0  0.0  2.0  1.0  0.0
2.0  0.0  2.0  1.0  0.0
3.0  0.0  2.0  1.0  1.0
4.0  0.0  2.0  1.0  0.0
2.0  0.0  2.0  1.0  0.0
3.0  1.0  2.0  1.0  0.0
3.0  1.0  2.0  1.0  1.0
4.0  0.0  2.0  1.0  0.0
1.0  0.0  2.0  1.0  0.0
1.0  1.0  2.0  1.0  1.0
1.0  0.0  2.0  1.0  1.0
1.0  0.0  2.0  1.0  1.0
1.0  0.0  2.0  1.0  1.0
1.0  0.0  2.0  1.0  1.0
1.0  0.0  2.0  1.0  1.0
1.0  0.0  2.0  2.0  2.0
2.0  1.0  2.0  1.0  2.0
1.0  0.0  2.0  1.0  1.0
1.0  0.0  2.0  1.0  1.0
2.0  1.0  2.0  1.0  1.0
1.0  0.0  2.0  2.0  1.0
1.0  1.0  2.0  1.0  1.0
1.0  0.0  2.0  1.0  1.0
1.0  0.0  2.0  1.0  1.0
1.0  1.0  2.0  1.0  0.0
1.0  1.0  2.0  1.0  0.0
1.0  1.0  2.0  1.0  0.0

./data/AccidentsSet03.csv Summary
        Max Dist  Min Dist  Avg Dist        SSE  Num Points
1       3.876292  1.825742  0.610100  21.786982        30.0
2       0.000000  0.000000  0.000000   0.000000         1.0
3       1.632993  0.000000  0.408248   2.444444         4.0
4       3.670652  0.000000  0.503400  19.833795        27.0
totals  9.179937  1.825742  1.521748  44.065222        62.0

Cluster 1
Centroid: [33.47857143  9.42142857]

                       0     1
Algeria             36.4  14.6
Congo               37.3   8.0
Egypt               42.1  15.3
Malagasy            41.8  15.8
Tunisia             41.7  10.1
Ceylon              35.8   8.5
China               34.0  11.0
Taiwan              36.3   6.1
Hong Kong           32.1   5.5
Indonesia           27.7  10.2
Jordan              46.3   6.4
Malaysia            33.5   6.4
Mongolia            39.2  11.2
Philippines         28.4   7.1
Syria               26.2   4.3
Thailand            34.8   7.9
Dominican Republic  33.0   8.4
Honduras            46.6   9.7
Mexico              45.1  10.5
Nicaragua           42.9   7.1
Panama              40.1   8.0
Chile               33.6  11.8
Colombia            44.0  11.7
Ecuador             44.2  13.5
Peru                27.7   8.2
Venezuela           42.8   6.7

Cluster 2
Centroid: [51.425 23.675]

                0     1
Ghana        55.8  25.6
Ivory Coast  56.1  33.1
Morocco      46.1  18.7
Cambodia     41.4  19.7
Costa Rica   49.9   8.5
Guatemala    47.7  17.3
Brazil       45.0  13.5

Cluster 3
Centroid: [17.6875      9.73333333]

                   0     1
India           20.9   8.8
Iraq            20.5   3.9
Israel          25.0   6.2
Japan           17.3   7.0
Korea           14.8   5.7
Vietnam         23.4   5.1
Canada          24.8   7.8
United States   21.7   9.6
Argentina       21.8   8.1
Bolivia         17.4   5.8
Uruguay         22.5   7.8
Austria         18.8  12.8
Belgium         17.1  12.7
Britain         18.2  12.2
Bulgaria        16.4   8.2
Czechoslovakia  16.9   9.3
Denmark         17.6  19.8
Finland         18.1   9.2
France          18.2  11.7
East Germany    17.5  13.7
West Germany    18.5  11.4
Greece          17.4   7.8
Hungary         13.1   9.9
Ireland         22.3  11.9
Italy           19.0  10.2
Netherlands     20.9   8.0
Norway          17.5  10.0
Poland          19.0   7.5
Portugal        23.5  10.8
Romania         15.7   8.3
Spain           21.5   9.1
Sweden          14.8  10.1
Switzerland     18.9   9.6
USSR            21.2   7.2
Yugoslavia      21.4   8.9
Australia       21.6   8.7
New Zealand     25.5   8.8

./data/birth_death_rate.csv Summary
         Max Dist   Min Dist  Avg Dist          SSE  Num Points
1       12.437845   8.102028  2.058486  1583.198163        26.0
2        7.212836   6.006247  2.508557   734.873750         7.0
3        9.956782   8.824209  1.546592   744.261892        37.0
totals  29.607463  22.932484  6.113635  3062.333806        70.0

Cluster 1
Centroid: [10.33333333  9.05555556  8.61111111  9.5         9.44444444 11.38888889
 12.72222222 13.61111111 12.05555556 12.05555556]

     0   1   2   3   4   5   6   7   8   9
2   10   9   9  10  10  12  13  13  12  12
3   10   9   8  10  10  12  14  14  12  12
5   13  10   9  10  10  11  14  15  13  12
6   10   8   8   9  10  13  14  15  13  12
7    8   6   6   8   8  10  13  15  13  12
9    8   7   7   8   8  10  12  15  11  11
11   9   7   5   8   8  10  13  14  12  12
14   9   9  10   9   9  10  11  15  13  12
15  10  10  10  10  10  12  12  13  12  12
16   9   9   9   9   9  10  11  11  11  11
17  13  13  14  13  13  13  14  14  14  14
19   9   8   7   9   8  12  13  13  12  13
21  11  11   9  10   9  13  14  16  13  13
22  14  12  12  12  12  14  15  15  13  13
23  10  10  10  10  11  11  12  12  13  12
24  11   9   9  10   9  11  12  12  10  12

Cluster 2
Centroid: [14. 14. 11. 16. 17. 17. 20. 16. 12. 15.]

    0   1   2   3   4   5   6   7   8   9
4  14  14  11  16  17  17  20  16  12  15

Cluster 3
Centroid: [ 8.75  6.5   5.75  6.25  7.25  9.25 10.   10.25  8.5  10.5 ]

     0   1  2  3  4   5   6   7   8   9
8    8   7  6  5  7   9  10  10   8   8
10  13  10  9  9  9  10  10  10   8   9
12   9   4  4  6  8  10  10  10   9  15
18   8   6  5  6  6   9  11  10   8   9
20  10   9  8  8  8   9   9  11   9  10
25   9   6  4  7  7  11  12  13  12  13

Cluster 4
Centroid: [13. 12. 11. 12. 12. 14. 18. 21. 18. 17.]

     0   1   2   3   4   5   6   7   8   9
13  13  12  11  12  12  14  18  21  18  17

./data/economy.csv Summary
        Max Dist  Min Dist  Avg Dist        SSE  Num Points
1       5.055250  2.728451  1.051454  334.91358        16.0
2       0.000000  0.000000  0.000000    0.00000         1.0
3       3.605551  2.000000  1.087811  157.25000         6.0
4       0.000000  0.000000  0.000000    0.00000         1.0
totals  8.660802  4.728451  2.139265  492.16358        24.0

Cluster 1
Centroid: [75.25384615  8.40769231 11.75384615  3.50769231  1.11538462]

               0     1     2    3     4
Buffalo     82.1   5.9   7.9  4.7  0.78
Guinea Pig  81.9   7.4   7.2  2.7  0.85
Cat         81.6  10.1   6.3  4.4  0.75
Dog         76.3   9.3   9.5  3.0  1.20
Elephant    70.7   3.6  17.6  5.6  0.63
Rabbit      71.3  12.3  13.1  1.9  2.30
Rat         72.5   9.2  12.6  3.3  1.40
Deer        65.9  10.4  19.7  2.6  1.40
Reindeer    64.8  10.7  20.3  2.5  1.40
Whale       64.8  11.1  21.2  1.6  0.85

Cluster 2
Centroid: [45.65 10.15 38.45  0.45  0.69]

            0     1     2    3     4
Seal     46.4   9.7  42.0  0.0  0.85
Dolphin  44.9  10.6  34.9  0.9  0.53

Cluster 3
Centroid: [88.5    2.57   2.8    5.68   0.485]

              0    1    2    3     4
Horse      90.1  2.6  1.0  6.9  0.35
Orangutan  88.5  1.4  3.5  6.0  0.24
Monkey     88.4  2.2  2.7  6.4  0.18
Donkey     90.3  1.7  1.4  6.2  0.40
Hippo      90.4  0.6  4.5  4.4  0.10
Camel      87.7  3.5  3.4  4.8  0.71
Bison      86.9  4.8  1.7  5.7  0.90
Fox        81.6  6.6  5.9  4.9  0.93
Llama      86.5  3.9  3.2  5.6  0.80
Mule       90.0  2.0  1.8  5.5  0.47
Pig        82.8  7.1  5.1  3.7  1.10
Zebra      86.2  3.0  4.8  5.3  0.70
Sheep      82.0  5.6  6.4  4.7  0.91

./data/mammal_milk.csv Summary
         Max Dist  Min Dist  Avg Dist          SSE  Num Points
1        7.899854  1.959592  1.732282   899.167415        10.0
2        2.664583  0.565685  1.035374    27.191200         2.0
3        5.718391  1.955761  1.157949   261.811025        13.0
totals  16.282828  4.481038  3.925605  1188.169640        25.0

Cluster 1
Centroid: [29.93333333 25.53333333]

     0   1
28  26  33
31  31  30
32  35  30
35  28  28
36  34  27
37  36  27
38  18  26
39  37  26
40  35  25
45  31  21
47  23  19
50  31  17

Cluster 2
Centroid: [10.61538462  7.61538462]

     0   1
49  11  18
53   7  14
54  21  13
56  12  10
57  16   9
58   5   8
60   9   7
61  11   7
63  10   6
64  13   6
67   9   5
68  11   5
70  10   3
72  14   1

Cluster 3
Centroid: [40.8 39.8]

     0   1
1   38  45
7   42  43
9   40  42
11  41  41
12  44  41
13  40  40
14  44  40
20  43  37
23  38  36
29  38  33

Cluster 4
Centroid: [ 8.07692308 34.23076923]

     0   1
10  10  41
16   3  38
17   6  37
18   8  37
21   7  36
22  13  36
24   6  35
25   8  35
26  10  34
27   5  33
30   9  32
34  11  28
43   9  23

Cluster 5
Centroid: [39.85714286  6.57142857]

     0   1
55  39  11
59  44   8
62  42   7
65  41   6
66  43   6
69  43   5
71  27   3

Cluster 6
Centroid: [22.625 43.375]

     0   1
0   24  49
2   19  44
3   23  44
4   22  43
5   24  43
6   26  43
8   23  42
15  20  39
19  26  37

Cluster 7
Centroid: [42.42857143 21.28571429]

     0   1
33  46  30
41  39  25
42  37  24
44  41  23
46  38  21
48  50  19
51  39  16
52  44  15

./data/many_clusters.csv Summary
         Max Dist   Min Dist   Avg Dist          SSE  Num Points
1        7.434155   6.547264   2.022100   610.533333        12.0
2        6.872465   6.145668   1.742330   476.988166        14.0
3        5.176872   4.472136   1.529706   165.200000        10.0
4        6.504436   5.203549   1.633597   341.230769        13.0
5        5.237229   3.545621   1.690309   246.571429         7.0
6        4.486090   4.138236   1.438556   141.781250         9.0
7        5.567764   5.554921   1.966233   319.979592         8.0
totals  41.279011  35.607395  12.022831  2302.284539        73.0

Cluster 1
Centroid: [136.063     4.0881    2.62607]

              0       1       2
1935RF  130.916   4.659  2.2562
1941FD  132.200   4.700  2.1300
1955QT  130.070   4.790  2.1893
1929EC  115.072   2.666  3.1676
1951AM  115.072   2.666  3.1676
1938DL  135.600   1.000  2.6000
1951AX  153.100   6.500  2.4500
1948RB  194.600   1.800  3.0200
1948RH  164.100  10.000  1.9300

Cluster 2
Centroid: [338.979  16.42    2.74 ]

              0       1       2
1940YL  338.333  16.773  2.7465
1953NH  339.625  16.067  2.7335

Cluster 3
Centroid: [65.50742857  6.18371429  2.67627143]

             0       1       2
1930SY  80.804   4.622  2.1890
1949HM  80.804   4.622  2.1906
1948RO  89.900   2.100  3.3500
1924TZ  59.900   5.700  2.7900
1931DQ  69.600   4.700  2.8100
1936AB  78.100   6.600  2.9000
1952DA  55.144   4.542  3.0343
1948TG  34.200  12.500  2.8200

./data/planets.csv Summary
         Max Dist  Min Dist  Avg Dist          SSE  Num Points
1       12.690902  1.917788  2.604596  5524.310942         9.0
2        1.136662  0.114018  0.578936     1.083934         2.0
3       10.906381  1.618522  2.407606  2425.199655         8.0
totals  24.733945  3.650328  5.591138  7950.594531        19.0
None
